   1.0000000      0.74282372    
   2.0000000      0.28232116    
   3.0000000      0.10856042    
   4.0000000      0.20715609    
   5.0000000      0.14469944    
   6.0000000      0.22705242    
   7.0000000      4.05196436E-02
   8.0000000      0.11361133    
   9.0000000      0.20799251    
   10.000000      0.26590857    
   11.000000      5.39987944E-02
   12.000000      0.23342502    
   13.000000      7.17160255E-02
   14.000000      4.35926486E-03
   15.000000      6.09136699E-03
   16.000000      1.99635345E-02
   17.000000      3.51139270E-02
   18.000000      5.20453751E-02
   19.000000      7.04473555E-02
   20.000000      3.16165574E-02
   21.000000      5.34319580E-02
   22.000000      5.92669733E-02
   23.000000      4.18498106E-02
   24.000000      2.95544006E-02
   25.000000      0.11029068    
   26.000000      1.47143491E-02
   27.000000      1.19013153E-02
   28.000000      3.93719859E-02
   29.000000      2.41877255E-03
   30.000000      2.89422888E-02
   31.000000      4.17055860E-02
   32.000000      2.65427046E-02
   33.000000      5.20038651E-03
   34.000000      6.96475524E-03
   35.000000      3.41064520E-02
   36.000000      2.11064350E-02
   37.000000      5.14274016E-02
   38.000000      9.93495286E-02
   39.000000      1.11858370E-02
   40.000000      3.85890491E-02
   41.000000      7.95165263E-03
   42.000000      2.74104215E-02
   43.000000      2.82342732E-02
   44.000000      0.13980649    
   45.000000      1.04802139E-02
   46.000000      7.28875846E-02
   47.000000      8.09883401E-02
   48.000000      2.80344840E-02
   49.000000      2.25221142E-02
   50.000000      2.76637147E-03
   51.000000      2.21659392E-02
   52.000000      9.59081054E-02
   53.000000      1.87228788E-02
   54.000000      9.33390409E-02
   55.000000      2.17002071E-03
   56.000000      0.12685159    
   57.000000      2.89063770E-02
   58.000000      6.00575581E-02
   59.000000      6.95677986E-03
   60.000000      2.73457784E-02
   61.000000      6.01232834E-02
   62.000000      5.74306585E-04
   63.000000      9.15903375E-02
   64.000000      2.32018325E-02
   65.000000      5.00628703E-05
   66.000000      6.26319961E-04
   67.000000      4.92845550E-02
   68.000000      1.85878493E-03
   69.000000      1.99710596E-02
   70.000000      3.33584286E-02
   71.000000      5.73675008E-03
   72.000000      5.78187034E-02
   73.000000      8.41339119E-03
   74.000000      0.11199907    
   75.000000      3.64485905E-02
   76.000000      2.66696773E-02
   77.000000      5.11161014E-02
   78.000000      2.24162005E-02
   79.000000      7.59177236E-03
   80.000000      1.85861271E-02
   81.000000      2.67409999E-02
   82.000000      7.24858046E-02
   83.000000      0.12925196    
   84.000000      6.15596510E-02
   85.000000      2.14356910E-02
   86.000000      0.11003923    
   87.000000      0.20506598    
   88.000000      0.17625101    
   89.000000      5.62826693E-02
   90.000000      6.09353520E-02
   91.000000      6.58652559E-02
   92.000000      6.08733576E-03
   93.000000      1.48708140E-02
   94.000000      1.04230177E-02
   95.000000      4.55991626E-02
   96.000000      9.52190068E-03
   97.000000      4.08115983E-02
   98.000000      6.76337928E-02
   99.000000      1.42152561E-02
   100.00000      8.06535929E-02
   101.00000      0.23053212    
   102.00000      4.24437039E-02
   103.00000      5.54821081E-02
   104.00000      4.36875708E-02
   105.00000      1.41640380E-02
   106.00000      3.73516493E-02
   107.00000      1.40635129E-02
   108.00000      6.39350861E-02
   109.00000      9.12218448E-03
   110.00000      1.98982516E-03
   111.00000      3.95439303E-04
   112.00000      8.98991153E-03
   113.00000      2.85755172E-02
   114.00000      4.56431024E-02
   115.00000      1.98619291E-02
   116.00000      4.81076213E-03
   117.00000      2.73719113E-02
   118.00000      5.35400808E-02
   119.00000      2.28939708E-02
   120.00000      1.72553230E-02
   121.00000      1.20843695E-02
   122.00000      0.16037360    
   123.00000      8.29046033E-03
   124.00000      6.53241947E-02
   125.00000      1.73612647E-02
   126.00000      4.95606549E-02
   127.00000      1.55531417E-03
   128.00000      2.54928805E-02
   129.00000      1.26139335E-02
   130.00000      1.31015582E-02
   131.00000      4.03608382E-02
   132.00000      7.22606108E-02
   133.00000      3.47463856E-03
   134.00000      9.21223219E-03
   135.00000      4.38972935E-02
   136.00000      0.15854330    
   137.00000      1.66859254E-02
   138.00000      6.99075237E-02
   139.00000      1.26244919E-02
   140.00000      5.14527736E-03
   141.00000      6.29361793E-02
   142.00000      4.54134168E-03
   143.00000      7.04322848E-03
   144.00000      5.35874739E-02
   145.00000      3.45656946E-02
   146.00000      8.42023268E-03
   147.00000      1.60943680E-02
   148.00000      6.33020401E-02
   149.00000      5.61206788E-02
   150.00000      2.01333221E-02
   151.00000      1.86413378E-02
   152.00000      2.85445191E-02
   153.00000      9.75080654E-02
   154.00000      1.37546258E-02
   155.00000      1.94707569E-02
   156.00000      2.35370900E-02
   157.00000      8.28464627E-02
   158.00000      0.30633709    
   159.00000      7.08198398E-02
   160.00000      9.48011279E-02
   161.00000      1.25769805E-03
   162.00000      2.24734545E-02
   163.00000      0.17303555    
   164.00000      0.11434868    
   165.00000      0.10041348    
   166.00000      5.58792427E-02
   167.00000      3.10261529E-02
   168.00000      0.22971229    
   169.00000      0.17191155    
   170.00000      0.14324453    
   171.00000      0.13596343    
   172.00000      4.99867508E-03
   173.00000      1.60489623E-02
   174.00000      0.12169592    
   175.00000      5.58744930E-02
   176.00000      0.21503094    
   177.00000      0.10424078    
   178.00000      0.10011950    
   179.00000      0.15059155    
   180.00000      0.14557134    
   181.00000      1.89026576E-02
   182.00000      0.12377030    
   183.00000      2.71625873E-02
   184.00000      6.22865111E-02
   185.00000      9.29822624E-02
   186.00000      4.05756049E-02
   187.00000      4.10934016E-02
   188.00000      1.32788615E-02
   189.00000      2.62156827E-03
   190.00000      0.14762798    
   191.00000      6.22019432E-02
   192.00000      6.36770949E-02
   193.00000      8.58075544E-02
   194.00000      4.27879160E-03
   195.00000      5.00591192E-03
   196.00000      0.13497922    
   197.00000      7.79084042E-02
   198.00000      4.84658629E-02
   199.00000      7.40196183E-02
   200.00000      1.02402335E-02
   201.00000      8.20286479E-03
   202.00000      5.30874729E-02
   203.00000      0.10919558    
   204.00000      1.03499806E-02
   205.00000      6.27612844E-02
   206.00000      4.18393463E-02
   207.00000      0.14801316    
   208.00000      5.67573458E-02
   209.00000      2.98933350E-02
   210.00000      1.26804681E-02
   211.00000      7.43740276E-02
   212.00000      1.95596274E-02
   213.00000      1.19095063E-03
   214.00000      8.09885263E-02
   215.00000      5.61251817E-03
   216.00000      6.18860684E-02
   217.00000      1.00728711E-02
   218.00000      1.55762108E-02
   219.00000      4.24045436E-02
   220.00000      5.11460863E-02
   221.00000      8.15657079E-02
   222.00000      1.98794808E-02
   223.00000      7.89479632E-03
   224.00000      7.13111684E-02
   225.00000      5.35160378E-02
   226.00000      8.88143107E-02
   227.00000      8.14515278E-02
   228.00000      0.31293270    
   229.00000      5.25892451E-02
   230.00000      3.92863452E-02
   231.00000      0.13030346    
   232.00000      3.59877758E-02
   233.00000      0.13505971    
   234.00000      1.49437161E-02
   235.00000      3.31968293E-02
   236.00000      1.25518581E-02
   237.00000      3.75594455E-03
   238.00000      2.98195966E-02
   239.00000      4.15791906E-02
   240.00000      2.96457000E-02
   241.00000      5.69551848E-02
   242.00000      5.52687719E-02
   243.00000      3.64023224E-02
   244.00000      1.28172282E-02
   245.00000      6.40994757E-02
   246.00000      0.10576767    
   247.00000      0.16742679    
   248.00000      1.03417551E-02
   249.00000      9.02308337E-03
   250.00000      0.10483614    
   251.00000      4.12466042E-02
   252.00000      1.14407972E-03
   253.00000      0.11295129    
   254.00000      3.89646851E-02
   255.00000      4.85173762E-02
   256.00000      4.55563813E-02
   257.00000      0.11037107    
   258.00000      0.29061568    
   259.00000      6.45993426E-02
   260.00000      8.82916525E-02
   261.00000      1.17525691E-02
   262.00000      2.41561607E-02
   263.00000      8.73682871E-02
   264.00000      1.88479889E-02
   265.00000      7.35657439E-02
   266.00000      7.19384244E-03
   267.00000      3.23895179E-02
   268.00000      3.80822830E-02
   269.00000      9.86575708E-03
   270.00000      7.01709986E-02
   271.00000      4.60110120E-02
   272.00000      2.39619054E-02
   273.00000      2.45426912E-02
   274.00000      0.27455392    
   275.00000      5.39406054E-02
   276.00000      5.10566123E-02
   277.00000      0.10615963    
   278.00000      6.66787475E-02
   279.00000      7.00442791E-02
   280.00000      2.45746691E-03
   281.00000      3.16383364E-03
   282.00000      1.55554321E-02
   283.00000      0.11764257    
   284.00000      2.45879032E-02
   285.00000      1.72196329E-02
   286.00000      7.89894443E-03
   287.00000      0.10210901    
   288.00000      0.16684662    
   289.00000      0.14645770    
   290.00000      5.88720962E-02
   291.00000      7.59118497E-02
   292.00000      0.14595971    
   293.00000      4.03103558E-03
   294.00000      3.41972932E-02
   295.00000      0.13935000    
   296.00000      6.87820464E-02
   297.00000      1.78758334E-02
   298.00000      2.33588424E-02
   299.00000      9.19082668E-03
   300.00000      1.04530603E-02
   301.00000      2.58617084E-02
   302.00000      9.58937965E-03
   303.00000      5.44368848E-02
   304.00000      1.16876690E-02
   305.00000      4.50343452E-02
   306.00000      3.42392363E-02
   307.00000      0.13492200    
   308.00000      0.20373972    
   309.00000      2.20726654E-02
   310.00000      3.28038037E-02
   311.00000      1.84974670E-02
   312.00000      7.24677518E-02
   313.00000      7.70293921E-02
   314.00000      9.83217824E-03
   315.00000      7.59048089E-02
   316.00000      0.19326329    
   317.00000      1.76722426E-02
   318.00000      2.33764504E-03
   319.00000      6.19820729E-02
   320.00000      0.11069066    
   321.00000      5.88836558E-02
   322.00000      4.62456122E-02
   323.00000      5.39451502E-02
   324.00000      4.60571311E-02
   325.00000      9.18683037E-03
   326.00000      4.47110645E-02
   327.00000      5.11151552E-02
   328.00000      4.02433006E-03
   329.00000      2.13324893E-02
   330.00000      1.41984075E-02
   331.00000      5.04876524E-02
   332.00000      8.99048336E-03
   333.00000      0.10422981    
   334.00000      2.74920613E-02
   335.00000      0.15468006    
   336.00000      2.90669538E-02
   337.00000      4.40130569E-02
   338.00000      0.17279619    
   339.00000      3.89003046E-02
   340.00000      7.65758604E-02
   341.00000      0.12218802    
   342.00000      8.28154534E-02
   343.00000      5.46570979E-02
   344.00000      0.16987973    
   345.00000      9.99309793E-02
   346.00000      0.18922134    
   347.00000      0.12975848    
   348.00000      7.10262135E-02
   349.00000      6.82002902E-02
   350.00000      0.10031036    
   351.00000      2.57993918E-02
   352.00000      9.58094746E-02
   353.00000      1.01200584E-02
   354.00000      2.73591280E-02
   355.00000      0.13300596    
   356.00000      4.13986715E-03
   357.00000      7.38974586E-02
   358.00000      3.44523527E-02
   359.00000      0.12263405    
   360.00000      7.66157582E-02
   361.00000      5.98292947E-02
   362.00000      1.93453758E-04
   363.00000      4.28592823E-02
   364.00000      7.25717247E-02
   365.00000      5.24857128E-03
   366.00000      6.80055842E-02
   367.00000      1.70443803E-02
   368.00000      4.93551791E-02
   369.00000      0.10698301    
   370.00000      9.16445255E-02
   371.00000      2.56027244E-02
   372.00000      4.23451066E-02
   373.00000      0.12895600    
   374.00000      5.87589294E-02
   375.00000      0.12236427    
   376.00000      0.20031215    
   377.00000      2.28338726E-02
   378.00000      1.19068287E-02
   379.00000      1.70421042E-02
   380.00000      8.59935433E-02
   381.00000      0.11164735    
   382.00000      9.55640972E-02
   383.00000      1.60902098E-03
   384.00000      1.62306316E-02
   385.00000      1.79559290E-02
   386.00000      9.35454592E-02
   387.00000      2.16512438E-02
   388.00000      3.76335643E-02
   389.00000      3.17693613E-02
   390.00000      0.10634120    
   391.00000      5.54177426E-02
   392.00000      6.55882061E-02
   393.00000      2.24231873E-02
   394.00000      1.28825717E-02
   395.00000      0.10209241    
   396.00000      0.17325108    
   397.00000      0.12014986    
   398.00000      0.25099394    
   399.00000      5.06717525E-02
   400.00000      2.68802582E-03
   401.00000      8.46541375E-02
   402.00000      3.18935737E-02
   403.00000      8.28866437E-02
   404.00000      8.83709639E-03
   405.00000      2.48658545E-02
   406.00000      6.24517985E-02
   407.00000      7.59550482E-02
   408.00000      0.33578819    
   409.00000      8.05804357E-02
   410.00000      5.29131386E-03
   411.00000      6.49665110E-03
   412.00000      5.34192733E-02
   413.00000      0.17969196    
   414.00000      3.56069161E-03
   415.00000      3.89362797E-02
   416.00000      5.74129298E-02
   417.00000      2.96797901E-02
   418.00000      7.31770992E-02
   419.00000      6.27315976E-03
   420.00000      6.12625678E-04
   421.00000      1.33502642E-02
   422.00000      0.10389737    
   423.00000      4.32824576E-03
   424.00000      4.72639278E-02
   425.00000      5.34855500E-02
   426.00000      1.42061315E-03
   427.00000      5.58150895E-02
   428.00000      4.29222919E-02
   429.00000      1.22621125E-02
   430.00000      0.28249839    
   431.00000      2.87505420E-04
   432.00000      2.15759426E-02
   433.00000      1.82538740E-02
   434.00000      2.61176676E-02
   435.00000      5.67153981E-03
   436.00000      3.10075358E-02
   437.00000      8.62318948E-02
   438.00000      1.52646955E-02
   439.00000      2.30231397E-02
   440.00000      1.18980473E-02
   441.00000      7.43010715E-02
   442.00000      4.16390114E-02
   443.00000      2.05456018E-02
   444.00000      0.11866572    
   445.00000      1.00738462E-02
   446.00000      6.09410405E-02
   447.00000      6.04761876E-02
   448.00000      6.71893507E-02
   449.00000      3.51624377E-02
   450.00000      1.75530277E-02
   451.00000      3.12054879E-03
   452.00000      5.85482158E-02
   453.00000      3.16010676E-02
   454.00000      1.74222048E-02
   455.00000      3.95105686E-03
   456.00000      3.67888324E-02
   457.00000      1.16733424E-02
   458.00000      0.14798111    
   459.00000      1.06625948E-02
   460.00000      2.72092912E-02
   461.00000      1.16864359E-02
   462.00000      5.39123900E-02
   463.00000      1.32259978E-02
   464.00000      2.30594389E-02
   465.00000      0.15774809    
   466.00000      7.94488713E-02
   467.00000      8.42443947E-03
   468.00000      0.11133282    
   469.00000      3.31135541E-02
   470.00000      1.14042917E-02
   471.00000      7.47835264E-02
   472.00000      3.99451219E-02
   473.00000      7.57187651E-03
   474.00000      8.14202707E-03
   475.00000      1.04181087E-02
   476.00000      1.07698643E-03
   477.00000      1.25659013E-03
   478.00000      0.10532307    
   479.00000      0.11268963    
   480.00000      8.64796862E-02
   481.00000      1.89695042E-04
   482.00000      6.41634464E-02
   483.00000      8.52135792E-02
   484.00000      8.76834244E-02
   485.00000      3.42602618E-02
   486.00000      1.21923527E-02
   487.00000      2.12006886E-02
   488.00000      1.86998360E-02
   489.00000      5.66902831E-02
   490.00000      2.29768585E-02
   491.00000      3.88243198E-02
   492.00000      0.12345379    
   493.00000      1.69573631E-02
   494.00000      7.33225867E-02
   495.00000      3.47873103E-03
   496.00000      1.45591442E-02
   497.00000      3.56857032E-02
   498.00000      9.48077720E-03
   499.00000      2.11817154E-04
   500.00000      2.98989415E-02
   501.00000      6.59698562E-04
   502.00000      1.31074553E-02
   503.00000      3.70217636E-02
   504.00000      2.82239337E-02
   505.00000      2.80825645E-02
   506.00000      5.67911798E-03
   507.00000      1.75344832E-02
   508.00000      1.39907608E-02
   509.00000      8.61992463E-02
   510.00000      7.54628778E-02
   511.00000      2.24791635E-02
   512.00000      0.16347383    
   513.00000      4.46795002E-02
   514.00000      0.13750854    
   515.00000      4.40322272E-02
   516.00000      3.42443511E-02
   517.00000      4.58146706E-02
   518.00000      5.11540007E-03
   519.00000      0.18006666    
   520.00000      2.03424916E-02
   521.00000      1.93044543E-02
   522.00000      0.25572842    
   523.00000      1.32035988E-03
   524.00000      8.41121748E-02
   525.00000      2.81305537E-02
   526.00000      5.28362133E-02
   527.00000      8.16854741E-03
   528.00000      5.00072502E-02
   529.00000      4.39022072E-02
   530.00000      6.02774583E-02
   531.00000      9.41722691E-02
   532.00000      6.81070685E-02
   533.00000      1.36538437E-02
   534.00000      3.48418392E-02
   535.00000      7.27057690E-03
   536.00000      1.11540519E-02
   537.00000      1.22546107E-02
   538.00000      1.70675572E-02
   539.00000      6.03652652E-03
   540.00000      7.66018964E-03
   541.00000      0.15950400    
   542.00000      4.36884351E-03
   543.00000      0.13052398    
   544.00000      6.10665195E-02
   545.00000      4.99725528E-02
   546.00000      1.02852774E-03
   547.00000      9.64217484E-02
   548.00000      4.42096181E-02
   549.00000      0.15959768    
   550.00000      1.05088660E-02
   551.00000      2.61340011E-03
   552.00000      4.65403171E-03
   553.00000      0.13939351    
   554.00000      0.14542921    
   555.00000      0.11356224    
   556.00000      0.20836279    
   557.00000      0.17490987    
   558.00000      4.26718704E-02
   559.00000      5.84405772E-02
   560.00000      0.36551756    
   561.00000      0.13659064    
   562.00000      0.10074805    
   563.00000      7.17806816E-02
   564.00000      0.19403930    
   565.00000      0.35682157    
   566.00000      2.50130259E-02
   567.00000      0.69273758    
   568.00000      0.33726314    
   569.00000      7.99414888E-02
   570.00000      0.18957546    
   571.00000      8.82062614E-02
   572.00000      0.15690668    
   573.00000      3.97037342E-02
   574.00000      0.24309345    
   575.00000      0.16787395    
   576.00000      0.28650224    
   577.00000      2.06921287E-02
   578.00000      0.15554668    
   579.00000      3.11136656E-02
   580.00000      5.24796499E-03
   581.00000      2.61923391E-02
   582.00000      1.87685061E-02
   583.00000      1.22405627E-05
   584.00000      8.82736817E-02
   585.00000      3.80746908E-02
   586.00000      0.10937133    
   587.00000      2.11429559E-02
   588.00000      3.94343249E-02
   589.00000      3.95303071E-02
   590.00000      4.93783914E-02
   591.00000      9.93488654E-02
   592.00000      4.45323810E-03
   593.00000      2.01238617E-02
   594.00000      8.18206742E-02
   595.00000      7.77012715E-03
   596.00000      2.28633936E-02
   597.00000      5.33355400E-02
   598.00000      3.08832433E-02
   599.00000      2.25345157E-02
   600.00000      9.11509767E-02
   601.00000      7.30028600E-02
   602.00000      6.34835735E-02
   603.00000      3.12795155E-02
   604.00000      0.13871026    
   605.00000      6.97145462E-02
   606.00000      1.10261736E-03
   607.00000      8.29826482E-03
   608.00000      2.45298687E-02
   609.00000      2.45556552E-02
   610.00000      4.28894050E-02
   611.00000      4.36398908E-02
   612.00000      8.35416242E-02
   613.00000      1.22151989E-02
   614.00000      6.68969825E-02
   615.00000      3.79701853E-02
   616.00000      2.80855671E-02
   617.00000      1.97584704E-02
   618.00000      4.38217446E-02
   619.00000      9.36875236E-04
   620.00000      4.58593182E-02
   621.00000      4.07347232E-02
   622.00000      0.10267989    
   623.00000      2.30558202E-04
   624.00000      0.10393102    
   625.00000      1.51419137E-02
   626.00000      4.53585871E-02
   627.00000      2.84384359E-02
   628.00000      6.00665063E-03
   629.00000      5.36703914E-02
   630.00000      1.73689015E-02
   631.00000      1.79920963E-03
   632.00000      4.09995131E-02
   633.00000      0.14596292    
   634.00000      1.47861456E-02
   635.00000      1.35731036E-02
   636.00000      4.86435406E-02
   637.00000      8.71920213E-03
   638.00000      1.25586083E-02
   639.00000      1.32947229E-02
   640.00000      6.36824965E-02
   641.00000      2.41992734E-02
   642.00000      2.34468076E-02
   643.00000      8.41199830E-02
   644.00000      1.79490782E-02
   645.00000      4.13257349E-03
   646.00000      2.02922840E-02
   647.00000      1.33801354E-02
   648.00000      5.68049774E-02
   649.00000      0.11634132    
   650.00000      8.67568478E-02
   651.00000      7.56005198E-02
   652.00000      7.95543417E-02
   653.00000      0.19466105    
   654.00000      0.11385760    
   655.00000      9.40391123E-02
   656.00000      0.12845226    
   657.00000      9.36268419E-02
   658.00000      1.56102842E-02
   659.00000      1.64473858E-02
   660.00000      3.45171522E-03
   661.00000      3.30273365E-03
   662.00000      4.56638858E-02
   663.00000      2.29647327E-02
   664.00000      6.77747652E-02
   665.00000      1.26465550E-02
   666.00000      9.01888087E-02
   667.00000      0.21804778    
   668.00000      6.42586872E-02
   669.00000      7.38359392E-02
   670.00000      1.73533466E-02
   671.00000      1.08063081E-02
   672.00000      1.26488749E-02
   673.00000      2.08084602E-02
   674.00000      6.08814135E-02
   675.00000      4.29750886E-03
   676.00000      3.12235188E-02
   677.00000      1.12512708E-02
   678.00000      6.01357967E-02
   679.00000      2.58473400E-02
   680.00000      4.26014923E-02
   681.00000      1.99716818E-02
   682.00000      3.55565362E-03
   683.00000      0.11794177    
   684.00000      2.40799878E-02
   685.00000      1.57670565E-02
   686.00000      4.28830348E-02
   687.00000      1.41106052E-02
   688.00000      9.60013047E-02
   689.00000      9.96442512E-02
   690.00000      6.82139443E-03
   691.00000      2.01699119E-02
   692.00000      6.46223128E-02
   693.00000      6.93326741E-02
   694.00000      0.12407400    
   695.00000      3.44256200E-02
   696.00000      8.44530314E-02
   697.00000      0.13358551    
   698.00000      7.93510452E-02
   699.00000      9.68192331E-03
   700.00000      6.70746863E-02
   701.00000      3.75357009E-02
   702.00000      2.22412962E-02
   703.00000      8.51754919E-02
   704.00000      4.70262207E-02
   705.00000      4.25346829E-02
   706.00000      4.07033088E-03
   707.00000      5.89932650E-02
   708.00000      4.41610925E-02
   709.00000      1.66862532E-02
   710.00000      8.85472354E-03
   711.00000      4.48167026E-02
   712.00000      5.44036180E-02
   713.00000      5.24272397E-02
   714.00000      1.09744975E-02
   715.00000      3.61463651E-02
   716.00000      9.49075002E-06
   717.00000      2.88764425E-02
   718.00000      6.09121472E-02
   719.00000      2.06058603E-02
   720.00000      6.95396587E-03
   721.00000      9.23520476E-02
   722.00000      7.41161555E-02
   723.00000      4.09554280E-02
   724.00000      0.12358756    
   725.00000      1.13181854E-02
   726.00000      9.51903015E-02
   727.00000      3.72832501E-03
   728.00000      9.64340866E-02
   729.00000      0.10785425    
   730.00000      0.16574897    
   731.00000      4.38264720E-02
   732.00000      4.08184193E-02
   733.00000      3.84223671E-03
   734.00000      6.34785891E-02
   735.00000      8.55577588E-02
   736.00000      4.88074273E-02
   737.00000      4.61913645E-02
   738.00000      6.75787032E-03
   739.00000      5.55440923E-03
   740.00000      0.13691495    
   741.00000      8.39381814E-02
   742.00000      0.24752215    
   743.00000      0.14404300    
   744.00000      0.26966131    
   745.00000      0.22362939    
   746.00000      0.22908996    
   747.00000      3.70778516E-02
   748.00000      0.21264088    
   749.00000      6.54689819E-02
   750.00000      4.81115282E-02
   751.00000      8.31096619E-02
   752.00000      6.77183503E-03
   753.00000      2.55387407E-02
   754.00000      2.44658031E-02
   755.00000      7.05373520E-03
   756.00000      0.12547973    
   757.00000      1.14889024E-02
   758.00000      0.18795960    
   759.00000      1.34298811E-02
   760.00000      3.12112905E-02
   761.00000      2.90018646E-03
   762.00000      8.15448463E-02
   763.00000      2.38020867E-02
   764.00000      9.55798626E-02
   765.00000      6.99103102E-02
   766.00000      1.88175794E-02
   767.00000      1.46262832E-02
   768.00000      3.15461159E-02
   769.00000      0.14429328    
   770.00000      3.97081226E-02
   771.00000      6.96820691E-02
   772.00000      1.78559422E-02
   773.00000      9.79144946E-02
   774.00000      3.84674296E-02
   775.00000      1.00359442E-02
   776.00000      3.16183455E-02
   777.00000      5.82778566E-02
   778.00000      2.24493481E-02
   779.00000      6.01594918E-04
   780.00000      4.87831831E-02
   781.00000      3.86993913E-03
   782.00000      2.59429831E-02
   783.00000      7.97292590E-03
   784.00000      1.25909252E-02
   785.00000      1.42228398E-02
   786.00000      6.64870143E-02
   787.00000      5.60475811E-02
   788.00000      2.83520520E-02
   789.00000      6.25943094E-02
   790.00000      5.20384721E-02
   791.00000      2.59424783E-02
   792.00000      5.21635748E-02
   793.00000      0.11439401    
   794.00000      0.26199135    
   795.00000      5.86133040E-02
   796.00000      2.67618001E-02
   797.00000      7.56652141E-03
   798.00000      4.35083024E-02
   799.00000      4.59289812E-02
   800.00000      3.86292189E-02
   801.00000      4.17166129E-02
   802.00000      3.01330686E-02
   803.00000      3.68607440E-03
   804.00000      5.33350334E-02
   805.00000      4.45333384E-02
   806.00000      7.23089799E-02
   807.00000      0.12111810    
   808.00000      2.70525794E-02
   809.00000      6.16277661E-03
   810.00000      3.64242867E-02
   811.00000      5.04060835E-02
   812.00000      9.82590839E-02
   813.00000      0.16820210    
   814.00000      1.22728320E-02
   815.00000      9.10410099E-03
   816.00000      2.83000693E-02
   817.00000      1.38210151E-02
   818.00000      4.01339447E-03
   819.00000      0.12040584    
   820.00000      9.92462039E-03
   821.00000      5.60052358E-02
   822.00000      6.20496087E-02
   823.00000      0.12753358    
   824.00000      0.24060397    
   825.00000      6.97227493E-02
   826.00000      5.66614792E-02
   827.00000      7.76800618E-04
   828.00000      4.05894443E-02
   829.00000      6.29977956E-02
   830.00000      5.60467504E-02
   831.00000      7.17352778E-02
   832.00000      4.95533757E-02
   833.00000      8.84940773E-02
   834.00000      7.31472969E-02
   835.00000      6.56711161E-02
   836.00000      4.69415076E-02
   837.00000      1.40701821E-02
   838.00000      5.02027757E-02
   839.00000      4.89165261E-02
   840.00000      0.27941188    
   841.00000      6.58523571E-03
   842.00000      2.28846129E-02
   843.00000      8.53149071E-02
   844.00000      1.92508139E-02
   845.00000      0.10296942    
   846.00000      1.09607736E-02
   847.00000      1.28821731E-02
   848.00000      4.43034433E-03
   849.00000      0.10417532    
   850.00000      2.94146985E-02
   851.00000      3.79997715E-02
   852.00000      1.08809462E-02
   853.00000      0.23356964    
   854.00000      0.17946449    
   855.00000      0.15252054    
   856.00000      2.38767844E-02
   857.00000      3.37445624E-02
   858.00000      3.72855328E-02
   859.00000      5.44907339E-02
   860.00000      3.31710950E-02
   861.00000      0.22011057    
   862.00000      7.29346275E-02
   863.00000      2.42848936E-02
   864.00000      5.63327596E-02
   865.00000      9.56701394E-03
   866.00000      4.53612804E-02
   867.00000      1.55782774E-02
   868.00000      2.91641243E-03
   869.00000      2.01407410E-02
   870.00000      1.44320689E-02
   871.00000      4.38650027E-02
   872.00000      7.37456745E-03
   873.00000      0.25290453    
   874.00000      0.13226458    
   875.00000      1.48675200E-02
   876.00000      3.03420890E-02
   877.00000      4.35801893E-02
   878.00000      8.28782842E-02
   879.00000      6.20070919E-02
   880.00000      7.71946535E-02
   881.00000      8.15994889E-02
   882.00000      0.18565522    
   883.00000      6.81025460E-02
   884.00000      5.20280004E-03
   885.00000      4.85169236E-03
   886.00000      6.39827177E-02
   887.00000      3.80207486E-02
   888.00000      5.20157702E-02
   889.00000      5.11999242E-02
   890.00000      5.71343862E-03
   891.00000      4.20099916E-03
   892.00000      6.92300051E-02
   893.00000      6.51727170E-02
   894.00000      1.65423407E-04
   895.00000      3.61804552E-02
   896.00000      1.17375748E-02
   897.00000      6.91568330E-02
   898.00000      7.76918372E-03
   899.00000      5.91512546E-02
   900.00000      5.62117361E-02
   901.00000      5.44567257E-02
   902.00000      3.82788628E-02
   903.00000      3.30894664E-02
   904.00000      2.99460050E-02
   905.00000      1.00555588E-02
   906.00000      4.62478027E-02
   907.00000      8.72029364E-02
   908.00000      6.83758184E-02
   909.00000      0.12204999    
   910.00000      0.27065596    
   911.00000      8.69308636E-02
   912.00000      0.30781886    
   913.00000      0.11762863    
   914.00000      0.10797890    
   915.00000      0.10390653    
   916.00000      0.14338446    
   917.00000      3.16657498E-02
   918.00000      0.13042401    
   919.00000      3.30597423E-02
   920.00000      5.69472797E-02
   921.00000      0.20506021    
   922.00000      0.10543139    
   923.00000      0.12688965    
   924.00000      4.18774597E-02
   925.00000      6.56915605E-02
   926.00000      6.88453838E-02
   927.00000      6.00716099E-02
   928.00000      4.70994646E-03
   929.00000      1.14461547E-02
   930.00000      6.42789826E-02
   931.00000      3.77535564E-03
   932.00000      0.11058596    
   933.00000      1.22519368E-02
   934.00000      0.17285010    
   935.00000      0.16114223    
   936.00000      4.04747725E-02
   937.00000      3.53463627E-02
   938.00000      6.44817576E-02
   939.00000      5.79293184E-02
   940.00000      0.12372156    
   941.00000      0.11944376    
   942.00000      0.18036449    
   943.00000      6.37382790E-02
   944.00000      1.94435157E-02
   945.00000      6.54413458E-03
   946.00000      0.11125840    
   947.00000      0.10202071    
   948.00000      8.41200501E-02
   949.00000      1.24412612E-03
   950.00000      9.59542394E-03
   951.00000      1.57358404E-02
   952.00000      8.51164833E-02
   953.00000      1.10594397E-02
   954.00000      4.46033776E-02
   955.00000      3.94788347E-02
   956.00000      3.94065864E-02
   957.00000      5.88472746E-02
   958.00000      2.46138889E-02
   959.00000      1.56246712E-02
   960.00000      7.90921412E-03
   961.00000      1.16201332E-02
   962.00000      5.21219485E-02
   963.00000      1.88874509E-02
   964.00000      9.53402519E-02
   965.00000      4.93868701E-02
   966.00000      6.41637221E-02
   967.00000      2.98523251E-02
   968.00000      4.67731319E-02
   969.00000      7.25189364E-03
   970.00000      4.47392650E-02
   971.00000      0.11084580    
   972.00000      1.31422728E-02
   973.00000      1.67258754E-02
   974.00000      0.19569625    
   975.00000      1.29477950E-02
   976.00000      1.24258287E-02
   977.00000      3.46245337E-03
   978.00000      9.01520774E-02
   979.00000      9.17254612E-02
   980.00000      4.82471398E-04
   981.00000      2.47320868E-02
   982.00000      4.18202579E-02
   983.00000      1.46189742E-02
   984.00000      1.16822906E-02
   985.00000      2.82508060E-02
   986.00000      5.65910200E-03
   987.00000      2.63990439E-03
   988.00000      7.45655075E-02
   989.00000      1.70271397E-02
   990.00000      5.98141477E-02
   991.00000      2.45701019E-02
   992.00000      5.69587282E-04
   993.00000      5.02925590E-02
   994.00000      9.73972585E-03
   995.00000      4.91127558E-02
   996.00000      0.24658336    
   997.00000      6.17092215E-02
   998.00000      6.90610856E-02
   999.00000      8.28903988E-02
   1000.0000      4.88986038E-02
   1001.0000      2.87639573E-02
   1002.0000      0.11258314    
   1003.0000      9.35758129E-02
   1004.0000      9.87285897E-02
   1005.0000      6.36543185E-02
   1006.0000      2.37877853E-03
   1007.0000      0.12841140    
   1008.0000      1.10030519E-02
   1009.0000      4.80605327E-02
   1010.0000      9.20291767E-02
   1011.0000      6.33601705E-03
   1012.0000      0.25477922    
   1013.0000      5.85515983E-02
   1014.0000      2.53102593E-02
   1015.0000      0.12379446    
   1016.0000      3.49989831E-02
   1017.0000      1.33427707E-02
   1018.0000      2.06847079E-02
   1019.0000      3.62723395E-02
   1020.0000      3.00873984E-02
   1021.0000      3.26325186E-03
   1022.0000      5.98939247E-02
   1023.0000      2.20826101E-02
   1024.0000      0.13512331    
   1025.0000      5.57655795E-03
   1026.0000      1.62007231E-02
   1027.0000      9.53780604E-04
   1028.0000      3.65215763E-02
   1029.0000      7.07416683E-02
   1030.0000      3.45855020E-02
   1031.0000      0.20057404    
   1032.0000      5.87759838E-02
   1033.0000      1.25081558E-02
   1034.0000      0.12782650    
   1035.0000      4.31983322E-02
   1036.0000      2.01668385E-02
   1037.0000      5.48054837E-02
   1038.0000      5.37378341E-02
   1039.0000      2.29066554E-02
   1040.0000      2.82735880E-02
   1041.0000      8.61004833E-03
   1042.0000      6.33686408E-02
   1043.0000      3.52316871E-02
   1044.0000      4.15755399E-02
   1045.0000      2.08819471E-02
   1046.0000      7.67295137E-02
   1047.0000      1.40391961E-02
   1048.0000      5.87581582E-02
   1049.0000      1.94092747E-02
   1050.0000      6.68924823E-02
   1051.0000      2.48682071E-02
   1052.0000      3.10053560E-03
   1053.0000      7.05674710E-03
   1054.0000      9.26565845E-03
   1055.0000      3.28560323E-02
   1056.0000      4.26730374E-03
   1057.0000      1.25188529E-02
   1058.0000      5.62848039E-02
   1059.0000      1.60790738E-02
   1060.0000      6.68909624E-02
   1061.0000      2.71019945E-03
   1062.0000      2.50258446E-02
   1063.0000      2.65553761E-02
   1064.0000      2.28140745E-02
   1065.0000      1.26307840E-02
   1066.0000      4.14924920E-02
   1067.0000      3.49843351E-04
   1068.0000      9.28813219E-03
   1069.0000      1.19364476E-02
   1070.0000      9.24168006E-02
   1071.0000      4.79279347E-02
   1072.0000      6.46371813E-03
   1073.0000      5.17914593E-02
   1074.0000      1.54860821E-02
   1075.0000      9.16404277E-02
   1076.0000      3.07562090E-02
   1077.0000      1.84398443E-02
   1078.0000      0.18011494    
   1079.0000      4.95332666E-02
   1080.0000      0.14244114    
   1081.0000      4.54849862E-02
   1082.0000      5.51380999E-02
   1083.0000      3.67159955E-02
   1084.0000      1.76763590E-02
   1085.0000      0.16457865    
   1086.0000      1.11402199E-02
   1087.0000      8.32963809E-02
   1088.0000      0.28103384    
   1089.0000      4.42537777E-02
   1090.0000      0.16405751    
   1091.0000      6.16699047E-02
   1092.0000      5.97929023E-02
   1093.0000      3.44513915E-02
   1094.0000      6.65426627E-02
   1095.0000      2.78720111E-02
   1096.0000      0.10456506    
   1097.0000      0.18380192    
   1098.0000      0.11646396    
   1099.0000      6.71591535E-02
   1100.0000      3.09619978E-02
   1101.0000      4.68517700E-03
   1102.0000      1.02989993E-03
   1103.0000      2.58329548E-02
   1104.0000      3.73028181E-02
   1105.0000      2.65327692E-02
   1106.0000      2.75131152E-03
   1107.0000      0.16225691    
   1108.0000      1.59383602E-02
   1109.0000      0.13317205    
   1110.0000      5.34857847E-02
   1111.0000      2.07399540E-02
   1112.0000      9.31063015E-03
   1113.0000      0.14709407    
   1114.0000      3.51704769E-02
   1115.0000      0.21103425    
   1116.0000      9.77731962E-03
   1117.0000      2.29092836E-02
   1118.0000      5.32143116E-02
   1119.0000      0.14385258    
   1120.0000      3.37110981E-02
   1121.0000      0.12296925    
   1122.0000      0.21305461    
   1123.0000      0.11283344    
   1124.0000      2.12523770E-02
   1125.0000      0.18887708    
   1126.0000      0.36584947    
   1127.0000      0.12003657    
   1128.0000      1.11558354E-02
   1129.0000      6.18375801E-02
   1130.0000      0.12164928    
   1131.0000      2.35712696E-02
   1132.0000      3.75255793E-02
   1133.0000      0.37754893    
   1134.0000      0.29556388    
   1135.0000      3.05128749E-02
   1136.0000      0.13368028    
   1137.0000      1.15076499E-02
   1138.0000      0.21779884    
   1139.0000      6.01698272E-03
   1140.0000      0.24580258    
   1141.0000      0.11991937    
   1142.0000      0.15138507    
   1143.0000      2.69005224E-02
   1144.0000      3.26340199E-02
   1145.0000      2.29518898E-02
   1146.0000      9.27920395E-04
   1147.0000      1.03054438E-02
   1148.0000      1.78374927E-02
   1149.0000      1.12670250E-02
   1150.0000      0.12721962    
   1151.0000      1.03587133E-03
   1152.0000      0.14926016    
   1153.0000      1.94478687E-02
   1154.0000      6.34355983E-03
   1155.0000      8.53217393E-02
   1156.0000      3.28689739E-02
   1157.0000      7.49293640E-02
   1158.0000      1.15704183E-02
   1159.0000      1.43037466E-02
   1160.0000      6.81011453E-02
   1161.0000      1.29139442E-02
   1162.0000      1.09743141E-02
   1163.0000      4.59734984E-02
   1164.0000      2.19263081E-02
   1165.0000      2.42011286E-02
   1166.0000      0.16758490    
   1167.0000      0.17332685    
   1168.0000      0.10525203    
   1169.0000      1.19275199E-02
   1170.0000      0.12345434    
   1171.0000      0.10368720    
   1172.0000      2.80382931E-02
   1173.0000      4.47105095E-02
   1174.0000      5.33096641E-02
   1175.0000      3.50660924E-03
   1176.0000      1.22717675E-02
   1177.0000      0.10939667    
   1178.0000      7.67444149E-02
   1179.0000      6.04581088E-02
   1180.0000      0.10727739    
   1181.0000      6.71645179E-02
   1182.0000      0.11014891    
   1183.0000      2.26388052E-02
   1184.0000      1.50489956E-02
   1185.0000      3.94054828E-03
   1186.0000      3.44154201E-02
   1187.0000      0.11974310    
   1188.0000      1.77650303E-02
   1189.0000      2.76113320E-02
   1190.0000      0.12354795    
   1191.0000      2.59522302E-03
   1192.0000      4.73468229E-02
   1193.0000      1.36441100E-04
   1194.0000      9.89414658E-03
   1195.0000      5.03497571E-03
   1196.0000      1.60210487E-02
   1197.0000      4.27082786E-03
   1198.0000      0.12555644    
   1199.0000      0.19497822    
   1200.0000      9.69048310E-03
   1201.0000      4.07653339E-02
   1202.0000      2.68385075E-02
   1203.0000      1.38329091E-02
   1204.0000      2.96565192E-03
   1205.0000      8.73499811E-02
   1206.0000      6.75733536E-02
   1207.0000      6.22688048E-02
   1208.0000      3.74392942E-02
   1209.0000      0.16287637    
   1210.0000      1.19774537E-02
   1211.0000      4.43324223E-02
   1212.0000      4.09633107E-02
   1213.0000      8.52766261E-03
   1214.0000      5.99385574E-02
   1215.0000      5.14834039E-02
   1216.0000      0.10073445    
   1217.0000      9.66457278E-02
   1218.0000      3.82454321E-02
   1219.0000      0.10615855    
   1220.0000      1.07646994E-02
   1221.0000      3.83631960E-02
   1222.0000      9.62856561E-02
   1223.0000      4.13831435E-02
   1224.0000      3.29503715E-02
   1225.0000      1.39848134E-02
   1226.0000      4.76852525E-03
   1227.0000      8.98630545E-03
   1228.0000      6.75985143E-02
   1229.0000      8.86342581E-03
   1230.0000      0.10388172    
   1231.0000      4.66393918E-04
   1232.0000      8.73616487E-02
   1233.0000      7.61711672E-02
   1234.0000      4.16083410E-02
   1235.0000      6.87596127E-02
   1236.0000      9.10723675E-03
   1237.0000      3.58036794E-02
   1238.0000      5.02684712E-03
   1239.0000      3.74112315E-02
   1240.0000      7.02007487E-02
   1241.0000      2.36079153E-02
   1242.0000      6.11961931E-02
   1243.0000      1.73543412E-02
   1244.0000      0.14731206    
   1245.0000      1.26607893E-02
   1246.0000      0.10094378    
   1247.0000      8.14673770E-03
   1248.0000      1.23543888E-02
   1249.0000      0.13649705    
   1250.0000      6.10074624E-02
   1251.0000      2.28320826E-02
   1252.0000      6.34677708E-02
   1253.0000      1.63386576E-02
   1254.0000      1.15595246E-02
   1255.0000      0.16701284    
   1256.0000      8.62212181E-02
   1257.0000      5.33075966E-02
   1258.0000      7.16954842E-02
   1259.0000      0.17222823    
   1260.0000      9.78144482E-02
   1261.0000      0.14536057    
   1262.0000      8.55456889E-02
   1263.0000      9.72695202E-02
   1264.0000      3.42440419E-02
   1265.0000      3.39455344E-03
   1266.0000      0.21201313    
   1267.0000      3.85452844E-02
   1268.0000      1.32403877E-02
   1269.0000      0.21549629    
   1270.0000      1.34592010E-02
   1271.0000      0.15733683    
   1272.0000      9.35383420E-03
   1273.0000      2.60911975E-02
   1274.0000      0.10609328    
   1275.0000      5.89766819E-03
   1276.0000      2.91743362E-03
   1277.0000      4.51687053E-02
   1278.0000      8.30560401E-02
   1279.0000      6.00180775E-02
   1280.0000      9.96472128E-03
   1281.0000      4.82462393E-03
   1282.0000      6.04352774E-03
   1283.0000      0.11342461    
   1284.0000      4.34555113E-02
   1285.0000      2.24308688E-02
   1286.0000      7.72947585E-03
   1287.0000      0.10805217    
   1288.0000      9.46878120E-02
   1289.0000      3.04427631E-02
   1290.0000      5.22065768E-03
   1291.0000      1.51554858E-02
   1292.0000      9.16151702E-02
   1293.0000      2.95079201E-02
   1294.0000      6.80162385E-02
   1295.0000      2.06911713E-02
   1296.0000      7.87098855E-02
   1297.0000      1.95119940E-02
   1298.0000      5.29169701E-02
   1299.0000      1.38651328E-02
   1300.0000      7.24881738E-02
   1301.0000      1.47040198E-02
   1302.0000      2.78183855E-02
   1303.0000      1.85163366E-03
   1304.0000      4.67883144E-03
   1305.0000      8.31200927E-03
   1306.0000      7.94047341E-02
   1307.0000      6.27877638E-02
   1308.0000      0.14578640    
   1309.0000      4.90517318E-02
   1310.0000      0.31236950    
   1311.0000      0.12039609    
   1312.0000      0.21445872    
   1313.0000      8.80386531E-02
   1314.0000      0.16595481    
   1315.0000      6.73627928E-02
   1316.0000      7.13819340E-02
   1317.0000      9.34996009E-02
   1318.0000      1.54794939E-02
   1319.0000      1.56660266E-02
   1320.0000      1.83248986E-02
   1321.0000      3.69192623E-02
   1322.0000      0.10064077    
   1323.0000      3.40063795E-02
   1324.0000      0.24284860    
   1325.0000      1.94380555E-05
   1326.0000      8.33004043E-02
   1327.0000      6.89371023E-03
   1328.0000      1.37142865E-02
   1329.0000      1.33422436E-02
   1330.0000      9.39682648E-02
   1331.0000      2.00287234E-02
   1332.0000      0.12148423    
   1333.0000      2.16296613E-02
   1334.0000      3.08634229E-02
   1335.0000      9.17808712E-02
   1336.0000      3.42445895E-02
   1337.0000      5.83558902E-02
   1338.0000      3.81333083E-02
   1339.0000      2.57575307E-02
   1340.0000      6.19600946E-03
   1341.0000      1.36703039E-02
   1342.0000      4.15509604E-02
   1343.0000      3.89636979E-02
   1344.0000      6.27416447E-02
   1345.0000      8.36338010E-03
   1346.0000      1.48728890E-02
   1347.0000      2.52652485E-02
   1348.0000      1.05121257E-02
   1349.0000      4.18580435E-02
   1350.0000      5.69684617E-02
   1351.0000      9.24195498E-02
   1352.0000      0.12431955    
   1353.0000      2.14504879E-02
   1354.0000      0.11902613    
   1355.0000      0.13559695    
   1356.0000      2.13094186E-02
   1357.0000      7.34055415E-02
   1358.0000      3.39787416E-02
   1359.0000      5.68964481E-02
   1360.0000      9.70759615E-02
   1361.0000      8.77373368E-02
   1362.0000      3.72488704E-03
   1363.0000      7.78783634E-02
   1364.0000      3.36910561E-02
   1365.0000      3.36950272E-03
   1366.0000      0.12132934    
   1367.0000      6.25869110E-02
   1368.0000      5.99770881E-02
   1369.0000      2.06158366E-02
   1370.0000      3.77786718E-02
   1371.0000      4.74313125E-02
   1372.0000      0.14210390    
   1373.0000      0.17016448    
   1374.0000      1.65415108E-02
   1375.0000      9.12812818E-03
   1376.0000      5.87953702E-02
   1377.0000      6.93059340E-02
   1378.0000      9.84252766E-02
   1379.0000      6.45868108E-02
   1380.0000      7.49998866E-03
   1381.0000      2.17323713E-02
   1382.0000      2.43970961E-03
   1383.0000      3.77314724E-02
   1384.0000      1.48624107E-02
   1385.0000      7.87302777E-02
   1386.0000      1.74441095E-02
   1387.0000      3.91072817E-02
   1388.0000      4.14408483E-02
   1389.0000      6.94810152E-02
   1390.0000      8.61362442E-02
   1391.0000      8.80600661E-02
   1392.0000      7.57707143E-03
   1393.0000      1.15510100E-03
   1394.0000      5.24204262E-02
   1395.0000      2.43637543E-02
   1396.0000      5.48118986E-02
   1397.0000      5.31646572E-02
   1398.0000      5.19867353E-02
   1399.0000      0.12616117    
   1400.0000      8.42574090E-02
   1401.0000      0.10077867    
   1402.0000      2.86855996E-02
   1403.0000      3.28830779E-02
   1404.0000      5.52881211E-02
   1405.0000      6.62117973E-02
   1406.0000      0.14137900    
   1407.0000      2.17669923E-02
   1408.0000      1.99187100E-02
   1409.0000      5.00493310E-02
   1410.0000      3.77632678E-02
   1411.0000      8.05897042E-02
   1412.0000      4.99243140E-02
   1413.0000      1.17258281E-02
   1414.0000      7.54550397E-02
   1415.0000      4.18370441E-02
   1416.0000      8.16683993E-02
   1417.0000      2.50844471E-02
   1418.0000      1.85226556E-02
   1419.0000      0.24718823    
   1420.0000      0.14865673    
   1421.0000      7.45696872E-02
   1422.0000      2.37081964E-02
   1423.0000      1.40517140E-02
   1424.0000      2.47373851E-03
   1425.0000      0.11055616    
   1426.0000      7.15316460E-03
   1427.0000      0.17643943    
   1428.0000      0.11514024    
   1429.0000      2.43257638E-02
   1430.0000      6.87460527E-02
   1431.0000      8.97248387E-02
   1432.0000      9.31304023E-02
   1433.0000      9.14442241E-02
   1434.0000      1.37099903E-02
   1435.0000      1.38965929E-02
   1436.0000      4.60287705E-02
   1437.0000      2.03987993E-02
   1438.0000      2.80665066E-02
   1439.0000      0.32393491    
   1440.0000      8.42774063E-02
   1441.0000      8.97902325E-02
   1442.0000      1.45863676E-02
   1443.0000      8.60107914E-02
   1444.0000      8.49297270E-02
   1445.0000      6.06215931E-02
   1446.0000      0.23221704    
   1447.0000      5.70979267E-02
   1448.0000      8.48480985E-02
   1449.0000      7.80775100E-02
   1450.0000      9.82355326E-03
   1451.0000      1.52885094E-02
   1452.0000      7.92051759E-03
   1453.0000      3.03621218E-02
   1454.0000      2.26958469E-02
   1455.0000      4.21048552E-02
   1456.0000      6.73946040E-03
   1457.0000      1.47778261E-02
   1458.0000      5.15835658E-02
   1459.0000      7.26568848E-02
   1460.0000      3.40021448E-03
   1461.0000      5.73508441E-02
   1462.0000      1.02765029E-02
   1463.0000      0.11019944    
   1464.0000      8.20259470E-03
   1465.0000      0.18075693    
   1466.0000      6.62787706E-02
   1467.0000      6.71879109E-03
   1468.0000      7.99092278E-02
   1469.0000      1.25985043E-02
   1470.0000      3.10418243E-03
   1471.0000      6.03700010E-03
   1472.0000      2.06885673E-02
   1473.0000      2.79336870E-02
   1474.0000      1.75616071E-02
   1475.0000      0.13888036    
   1476.0000      0.17198564    
   1477.0000      5.36347777E-02
   1478.0000      0.30045676    
   1479.0000      3.14258486E-02
   1480.0000      0.10852192    
   1481.0000      0.11133530    
   1482.0000      0.16253228    
   1483.0000      4.45588455E-02
   1484.0000      0.18247598    
   1485.0000      5.73225953E-02
   1486.0000      9.12052691E-02
   1487.0000      0.21239053    
   1488.0000      0.25550389    
   1489.0000      0.13628840    
   1490.0000      6.91166520E-02
   1491.0000      2.47107260E-02
   1492.0000      3.07696946E-02
   1493.0000      5.05541153E-02
   1494.0000      4.07893211E-02
   1495.0000      9.91559494E-03
   1496.0000      8.69568735E-02
   1497.0000      1.70983430E-02
   1498.0000      8.15769807E-02
   1499.0000      4.59177718E-02
   1500.0000      0.24602129    
   1501.0000      0.16292189    
   1502.0000      3.53501141E-02
   1503.0000      1.94894169E-02
   1504.0000      2.69997325E-02
   1505.0000      3.56843160E-03
   1506.0000      0.15016766    
   1507.0000      7.21074566E-02
   1508.0000      7.73799643E-02
   1509.0000      7.08204657E-02
   1510.0000      4.88345511E-03
   1511.0000      2.22564656E-02
   1512.0000      6.82399943E-02
   1513.0000      4.65135984E-02
   1514.0000      2.32842341E-02
   1515.0000      2.38342746E-03
   1516.0000      5.28126657E-02
   1517.0000      2.29208004E-02
   1518.0000      4.97026630E-02
   1519.0000      4.61675711E-02
   1520.0000      2.90707424E-02
   1521.0000      1.77268740E-02
   1522.0000      2.05070227E-02
   1523.0000      1.77890342E-02
   1524.0000      4.15178854E-03
   1525.0000      8.99461955E-02
   1526.0000      3.17791291E-02
   1527.0000      4.01663668E-02
   1528.0000      3.42572341E-03
   1529.0000      1.37952212E-02
   1530.0000      5.51975556E-02
   1531.0000      7.53737390E-02
   1532.0000      0.19138454    
   1533.0000      2.94086467E-02
   1534.0000      2.14868020E-02
   1535.0000      6.38943315E-02
   1536.0000      4.15703394E-02
   1537.0000      0.11823793    
   1538.0000      1.41839599E-02
   1539.0000      6.98351441E-03
   1540.0000      5.42472079E-02
   1541.0000      2.44952049E-02
   1542.0000      3.25939758E-03
   1543.0000      1.92580540E-02
   1544.0000      5.30474782E-02
   1545.0000      2.69267336E-03
   1546.0000      1.74890086E-02
   1547.0000      4.32113484E-02
   1548.0000      1.26189180E-02
   1549.0000      2.06687339E-02
   1550.0000      9.34452284E-03
   1551.0000      3.16367112E-02
   1552.0000      2.13845391E-02
   1553.0000      1.90448090E-02
   1554.0000      2.57442873E-02
   1555.0000      4.12930734E-03
   1556.0000      1.80530902E-02
   1557.0000      3.98719758E-02
   1558.0000      5.62389614E-03
   1559.0000      2.57471986E-02
   1560.0000      2.82010180E-03
   1561.0000      6.03309721E-02
   1562.0000      0.12261082    
   1563.0000      0.10308959    
   1564.0000      8.14028829E-02
   1565.0000      5.89112304E-02
   1566.0000      5.79854175E-02
   1567.0000      2.75884904E-02
   1568.0000      7.13076293E-02
   1569.0000      6.01264946E-02
   1570.0000      0.13051841    
   1571.0000      6.64686114E-02
   1572.0000      9.09082964E-03
   1573.0000      0.14226529    
   1574.0000      3.10280193E-02
   1575.0000      5.23222014E-02
   1576.0000      0.11583178    
   1577.0000      0.11561082    
   1578.0000      0.50643992    
   1579.0000      2.72388607E-02
   1580.0000      8.01179485E-05
   1581.0000      0.10102300    
   1582.0000      5.93488179E-02
   1583.0000      3.48559767E-03
   1584.0000      2.97817431E-04
   1585.0000      1.49364173E-02
   1586.0000      2.49548256E-02
   1587.0000      6.18086243E-03
   1588.0000      4.28995192E-02
   1589.0000      5.94373941E-02
   1590.0000      6.98752776E-02
   1591.0000      1.79499034E-02
   1592.0000      0.18700603    
   1593.0000      1.21136871E-03
   1594.0000      2.07809508E-02
   1595.0000      0.13501893    
   1596.0000      4.55016010E-02
   1597.0000      0.21179107    
   1598.0000      2.11990867E-02
   1599.0000      8.92673992E-03
   1600.0000      8.92639086E-02
   1601.0000      0.16322494    
   1602.0000      3.09793260E-02
   1603.0000      6.49582595E-02
   1604.0000      2.03910824E-02
   1605.0000      5.02810106E-02
   1606.0000      1.71816964E-02
   1607.0000      1.68281998E-02
   1608.0000      0.10400292    
   1609.0000      8.46165568E-02
   1610.0000      2.49291230E-02
   1611.0000      1.53444370E-03
   1612.0000      9.31821316E-02
   1613.0000      4.11820225E-02
   1614.0000      3.25353071E-02
   1615.0000      1.47522548E-02
   1616.0000      2.63642445E-02
   1617.0000      7.54056200E-02
   1618.0000      4.92281280E-02
   1619.0000      1.20914076E-02
   1620.0000      2.79810447E-02
   1621.0000      7.36143300E-03
   1622.0000      1.77982189E-02
   1623.0000      2.69121345E-04
   1624.0000      1.62602104E-02
   1625.0000      2.68703401E-02
   1626.0000      6.54405653E-02
   1627.0000      4.21679718E-03
   1628.0000      4.68308702E-02
   1629.0000      1.03137959E-02
   1630.0000      3.76971103E-02
   1631.0000      5.27202711E-03
   1632.0000      1.39466608E-02
   1633.0000      4.15296899E-03
   1634.0000      2.97444426E-02
   1635.0000      5.80272861E-02
   1636.0000      0.12439039    
   1637.0000      9.87215042E-02
   1638.0000      1.28074232E-02
   1639.0000      5.09840772E-02
   1640.0000      1.71896089E-02
   1641.0000      9.89067331E-02
   1642.0000      1.16770510E-02
   1643.0000      8.54273792E-03
   1644.0000      9.57335383E-02
   1645.0000      3.61890793E-02
   1646.0000      7.96513334E-02
   1647.0000      2.66303085E-02
   1648.0000      3.51162255E-02
   1649.0000      1.71191227E-02
   1650.0000      6.16813749E-02
   1651.0000      0.10741273    
   1652.0000      5.51651046E-02
   1653.0000      0.17590334    
   1654.0000      0.17202348    
   1655.0000      9.96058434E-02
   1656.0000      0.23524721    
   1657.0000      3.52280736E-02
   1658.0000      9.71955582E-02
   1659.0000      2.85046771E-02
   1660.0000      8.73374864E-02
   1661.0000      3.66838686E-02
   1662.0000      9.95937064E-02
   1663.0000      0.20325467    
   1664.0000      0.12040499    
   1665.0000      9.52709541E-02
   1666.0000      0.11625946    
   1667.0000      1.63787995E-02
   1668.0000      2.78967042E-02
   1669.0000      7.84682669E-03
   1670.0000      2.15892084E-02
   1671.0000      2.13968363E-02
   1672.0000      3.05484049E-03
   1673.0000      7.78925493E-02
   1674.0000      2.78295279E-02
   1675.0000      7.22204223E-02
   1676.0000      1.38090784E-02
   1677.0000      8.31088703E-03
   1678.0000      3.12854047E-03
   1679.0000      0.11617547    
   1680.0000      2.73426715E-02
   1681.0000      0.10053936    
   1682.0000      6.07203739E-03
   1683.0000      5.48947081E-02
   1684.0000      9.44572091E-02
   1685.0000      7.63068274E-02
   1686.0000      1.27890683E-03
   1687.0000      0.12611720    
   1688.0000      0.17334032    
   1689.0000      0.10333955    
   1690.0000      5.29751070E-02
   1691.0000      0.30722350    
   1692.0000      0.25985706    
   1693.0000      0.12221607    
   1694.0000      4.35648039E-02
   1695.0000      0.13101357    
   1696.0000      4.14452329E-02
   1697.0000      6.08464144E-02
   1698.0000      3.60086262E-02
   1699.0000      0.14376853    
   1700.0000      0.22991514    
   1701.0000      1.08421687E-02
   1702.0000      8.89152586E-02
   1703.0000      1.03946552E-02
   1704.0000      0.19572131    
   1705.0000      8.49108212E-03
   1706.0000      0.10972604    
   1707.0000      7.93866515E-02
   1708.0000      2.54088026E-02
   1709.0000      1.01053091E-02
   1710.0000      1.84638891E-02
   1711.0000      9.41304769E-03
   1712.0000      3.65318893E-03
   1713.0000      2.07370277E-02
   1714.0000      1.29281087E-02
   1715.0000      4.89281602E-02
   1716.0000      0.11106426    
   1717.0000      4.32759039E-02
   1718.0000      0.13455321    
   1719.0000      2.75955200E-02
   1720.0000      1.08388085E-02
   1721.0000      5.55075742E-02
   1722.0000      5.31265419E-03
   1723.0000      7.06251264E-02
   1724.0000      8.32818076E-02
   1725.0000      4.09541093E-02
   1726.0000      3.65378708E-02
   1727.0000      4.53032367E-03
   1728.0000      7.78527139E-03
   1729.0000      7.05515072E-02
   1730.0000      2.71842955E-03
   1731.0000      7.45022744E-02
   1732.0000      0.12979583    
   1733.0000      0.17916510    
   1734.0000      8.99090096E-02
   1735.0000      4.82984958E-03
   1736.0000      6.64877519E-02
   1737.0000      9.15940106E-02
   1738.0000      8.42583105E-02
   1739.0000      0.12112842    
   1740.0000      4.73100096E-02
   1741.0000      5.00391386E-02
   1742.0000      4.52152267E-02
   1743.0000      0.13317826    
   1744.0000      9.65454802E-02
   1745.0000      0.10853556    
   1746.0000      0.10422201    
   1747.0000      4.73142043E-02
   1748.0000      0.14590415    
   1749.0000      1.20085189E-02
   1750.0000      2.49332581E-02
   1751.0000      2.24256553E-02
   1752.0000      6.19372278E-02
   1753.0000      0.16126633    
   1754.0000      2.41000038E-02
   1755.0000      9.84548777E-02
   1756.0000      0.15562840    
   1757.0000      6.44111447E-03
   1758.0000      4.84126545E-02
   1759.0000      1.59772187E-02
   1760.0000      8.10160581E-03
   1761.0000      2.40414892E-03
   1762.0000      2.69078109E-02
   1763.0000      1.54108610E-02
   1764.0000      0.18108374    
   1765.0000      0.17459263    
   1766.0000      2.98001268E-03
   1767.0000      8.97368044E-02
   1768.0000      2.68852338E-03
   1769.0000      2.13057157E-02
   1770.0000      1.01886122E-02
   1771.0000      0.14377116    
   1772.0000      7.78900906E-02
   1773.0000      7.74483681E-02
   1774.0000      5.46307713E-02
   1775.0000      0.14915767    
   1776.0000      1.39319925E-02
   1777.0000      6.91652372E-02
   1778.0000      9.77062955E-02
   1779.0000      1.16860494E-03
   1780.0000      4.82524224E-02
   1781.0000      2.95650051E-03
   1782.0000      3.91621999E-02
   1783.0000      8.28727409E-02
   1784.0000      7.02089593E-02
   1785.0000      3.95314880E-02
   1786.0000      4.25382629E-02
   1787.0000      3.34309123E-04
   1788.0000      4.09862995E-02
   1789.0000      5.46287419E-03
   1790.0000      6.72104880E-02
   1791.0000      6.06891746E-03
   1792.0000      2.75836885E-02
   1793.0000      2.52149813E-03
   1794.0000      4.36927564E-02
   1795.0000      8.47316068E-03
   1796.0000      9.30792317E-02
   1797.0000      4.49039452E-02
   1798.0000      5.18175773E-02
   1799.0000      1.48127498E-02
   1800.0000      2.07391735E-02
   1801.0000      5.77598400E-02
   1802.0000      2.72214673E-02
   1803.0000      6.10484518E-02
   1804.0000      1.05014509E-02
   1805.0000      3.05813160E-02
   1806.0000      1.20395701E-02
   1807.0000      2.80537847E-02
   1808.0000      3.26287411E-02
   1809.0000      9.82337981E-04
   1810.0000      0.11124839    
   1811.0000      2.92039067E-02
   1812.0000      0.11708003    
   1813.0000      6.77892417E-02
   1814.0000      2.02531088E-02
   1815.0000      8.49653631E-02
   1816.0000      0.11063663    
   1817.0000      5.03487093E-03
   1818.0000      7.17841685E-02
   1819.0000      5.44948131E-03
   1820.0000      2.67932676E-02
   1821.0000      9.69189480E-02
   1822.0000      0.26430923    
   1823.0000      5.44223227E-02
   1824.0000      5.80725782E-02
   1825.0000      0.17329906    
   1826.0000      1.05860187E-02
   1827.0000      0.19770218    
   1828.0000      0.11074088    
   1829.0000      2.46714670E-02
   1830.0000      6.28968999E-02
   1831.0000      7.22131208E-02
   1832.0000      0.33035016    
   1833.0000      0.11123855    
   1834.0000      8.49407688E-02
   1835.0000      0.21900579    
   1836.0000      7.03069344E-02
   1837.0000      0.19849908    
   1838.0000      3.40948142E-02
   1839.0000      5.33389440E-03
   1840.0000      7.76661783E-02
   1841.0000      1.53329442E-04
   1842.0000      1.24996342E-02
   1843.0000      4.69544791E-02
   1844.0000      2.70675663E-02
   1845.0000      3.48362476E-02
   1846.0000      2.21641101E-02
   1847.0000      6.46432815E-03
   1848.0000      8.77756625E-04
   1849.0000      0.11173956    
   1850.0000      8.02050997E-03
   1851.0000      1.35337096E-02
   1852.0000      8.17919057E-03
   1853.0000      3.91857065E-02
   1854.0000      6.34268373E-02
   1855.0000      1.64360162E-02
   1856.0000      2.54476182E-02
   1857.0000      2.94760652E-02
   1858.0000      6.38445541E-02
   1859.0000      9.77519676E-02
   1860.0000      4.22335463E-03
   1861.0000      4.95085232E-02
   1862.0000      6.21151365E-02
   1863.0000      5.91851324E-02
   1864.0000      0.15524727    
   1865.0000      5.23675233E-02
   1866.0000      0.15528166    
   1867.0000      5.47821680E-03
   1868.0000      1.15292417E-02
   1869.0000      9.07978509E-03
   1870.0000      1.62426624E-02
   1871.0000      2.58481409E-03
   1872.0000      1.68007072E-02
   1873.0000      2.35822760E-02
   1874.0000      4.25978936E-02
   1875.0000      5.91400731E-03
   1876.0000      0.15500444    
   1877.0000      1.94693767E-02
   1878.0000      0.18048893    
   1879.0000      0.14292277    
   1880.0000      6.78983703E-02
   1881.0000      4.15896215E-02
   1882.0000      5.54475635E-02
   1883.0000      9.17243287E-02
   1884.0000      2.44407449E-02
   1885.0000      6.83964342E-02
   1886.0000      1.08538254E-03
   1887.0000      7.18796179E-02
   1888.0000      3.82671207E-02
   1889.0000      4.44432721E-02
   1890.0000      0.14112864    
   1891.0000      5.85935824E-03
   1892.0000      8.14610794E-02
   1893.0000      8.67702812E-03
   1894.0000      4.76951972E-02
   1895.0000      0.11277030    
   1896.0000      6.48118183E-02
   1897.0000      2.90792827E-02
   1898.0000      0.17564778    
   1899.0000      1.70474462E-02
   1900.0000      3.05207558E-02
   1901.0000      2.37614736E-02
   1902.0000      8.07520840E-03
   1903.0000      4.21808660E-02
   1904.0000      9.50397775E-02
   1905.0000      5.68004698E-03
   1906.0000      1.59866945E-03
   1907.0000      2.45106928E-02
   1908.0000      2.96466108E-02
   1909.0000      8.94960109E-03
   1910.0000      9.52614024E-02
   1911.0000      3.23487520E-02
   1912.0000      4.54641394E-02
   1913.0000      5.24583086E-02
   1914.0000      5.02244085E-02
   1915.0000      5.73141202E-02
   1916.0000      6.94762468E-02
   1917.0000      0.16911919    
   1918.0000      5.59992194E-02
   1919.0000      2.66228453E-03
   1920.0000      0.18465334    
   1921.0000      9.90146175E-02
   1922.0000      7.65647441E-02
   1923.0000      0.12559186    
   1924.0000      0.11577260    
   1925.0000      3.41603607E-02
   1926.0000      1.08569767E-02
   1927.0000      0.14543994    
   1928.0000      5.88199962E-03
   1929.0000      0.23396716    
   1930.0000      3.96765210E-02
   1931.0000      2.24090647E-02
   1932.0000      0.20213717    
   1933.0000      3.44254710E-02
   1934.0000      6.25509992E-02
   1935.0000      1.48006342E-02
   1936.0000      2.58879904E-02
   1937.0000      2.77967807E-02
   1938.0000      0.14486396    
   1939.0000      0.20833182    
   1940.0000      4.35654148E-02
   1941.0000      2.78898180E-02
   1942.0000      2.23057587E-02
   1943.0000      0.11256153    
   1944.0000      7.71662369E-02
   1945.0000      1.06741162E-02
   1946.0000      1.59180409E-03
   1947.0000      5.95781133E-02
   1948.0000      7.04666879E-03
   1949.0000      8.73306841E-02
   1950.0000      1.92920826E-02
   1951.0000      9.59537625E-02
   1952.0000      1.58376563E-02
   1953.0000      0.12116357    
   1954.0000      2.67270859E-03
   1955.0000      2.88709048E-02
   1956.0000      3.79663818E-02
   1957.0000      6.24191537E-02
   1958.0000      4.88160923E-02
   1959.0000      8.83716810E-03
   1960.0000      2.92482823E-02
   1961.0000      2.77361628E-02
   1962.0000      2.34629456E-02
   1963.0000      1.48739452E-02
   1964.0000      2.86288988E-02
   1965.0000      4.43294756E-02
   1966.0000      8.39170441E-02
   1967.0000      4.96660061E-02
   1968.0000      6.33007064E-02
   1969.0000      6.30923733E-02
   1970.0000      3.11715025E-02
   1971.0000      4.54742387E-02
   1972.0000      3.11705302E-02
   1973.0000      3.93731073E-02
   1974.0000      2.50162221E-02
   1975.0000      2.14605033E-02
   1976.0000      5.71356602E-02
   1977.0000      7.21257776E-02
   1978.0000      9.93620455E-02
   1979.0000      9.10988916E-03
   1980.0000      0.10920253    
   1981.0000      1.10384403E-02
   1982.0000      9.47438180E-02
   1983.0000      5.28898090E-02
   1984.0000      6.08873665E-02
   1985.0000      0.11892844    
   1986.0000      0.13442558    
   1987.0000      8.12792592E-03
   1988.0000      3.06199118E-02
   1989.0000      3.16789970E-02
   1990.0000      2.37088129E-02
   1991.0000      6.76406398E-02
   1992.0000      2.40020603E-02
   1993.0000      7.02287257E-02
   1994.0000      0.12957883    
   1995.0000      3.04186568E-02
   1996.0000      3.33755165E-02
   1997.0000      0.13260323    
   1998.0000      0.20532247    
   1999.0000      0.12415440    
   2000.0000      9.01946202E-02
   2001.0000      2.53734794E-02
   2002.0000      7.81306103E-02
   2003.0000      1.28858099E-02
   2004.0000      3.91583107E-02
   2005.0000      0.23904297    
   2006.0000      2.41083410E-02
   2007.0000      0.11438680    
   2008.0000      7.21209636E-03
   2009.0000      0.11033385    
   2010.0000      7.13793412E-02
   2011.0000      5.22747226E-02
   2012.0000      0.34933645    
   2013.0000      3.10777258E-02
   2014.0000      2.13915873E-02
   2015.0000      3.35783586E-02
   2016.0000      4.80097067E-03
   2017.0000      3.46319191E-02
   2018.0000      1.35301566E-02
   2019.0000      3.77030820E-02
   2020.0000      6.27677329E-03
   2021.0000      3.51511724E-02
   2022.0000      2.22355388E-02
   2023.0000      7.65590090E-03
   2024.0000      1.71628240E-02
   2025.0000      5.32182828E-02
   2026.0000      2.23905072E-02
   2027.0000      7.64413998E-02
   2028.0000      2.75336374E-02
   2029.0000      0.13077922    
   2030.0000      8.62834696E-03
   2031.0000      0.27735719    
   2032.0000      2.35043764E-02
   2033.0000      9.53974389E-03
   2034.0000      8.28377530E-02
   2035.0000      2.71596555E-02
   2036.0000      3.32285799E-02
   2037.0000      5.68239689E-02
   2038.0000      6.99732527E-02
   2039.0000      4.80097719E-02
   2040.0000      5.79439104E-02
   2041.0000      0.11879363    
   2042.0000      6.26786277E-02
   2043.0000      4.61739860E-02
   2044.0000      0.23255241    
   2045.0000      5.78647945E-03
   2046.0000      6.16585687E-02
   2047.0000      0.12038676    
   2048.0000      9.99668911E-02
   2049.0000      6.26860037E-02
   2050.0000      0.20074253    
   2051.0000      5.69352843E-02
   2052.0000      4.97814603E-02
   2053.0000      0.15967748    
   2054.0000      0.22081766    
   2055.0000      9.22222286E-02
   2056.0000      4.41004969E-02
   2057.0000      6.50575152E-03
   2058.0000      1.59900598E-02
   2059.0000      3.48484926E-02
   2060.0000      5.84662072E-02
   2061.0000      2.67541613E-02
   2062.0000      0.11011770    
   2063.0000      5.88108078E-02
   2064.0000      1.54693583E-02
   2065.0000      2.85106450E-02
   2066.0000      0.17479281    
   2067.0000      5.37953563E-02
   2068.0000      4.36163209E-02
   2069.0000      8.90826806E-04
   2070.0000      4.85961878E-04
   2071.0000      7.27649592E-03
   2072.0000      0.16527437    
   2073.0000      1.47082023E-02
   2074.0000      1.31333210E-02
   2075.0000      5.28686419E-02
   2076.0000      1.26678348E-02
   2077.0000      4.28378135E-02
   2078.0000      4.29155678E-02
   2079.0000      8.99386313E-03
   2080.0000      1.14961527E-02
   2081.0000      6.53600367E-03
   2082.0000      7.52448738E-02
   2083.0000      2.27652621E-02
   2084.0000      2.87424475E-02
   2085.0000      2.43790299E-02
   2086.0000      3.23103704E-02
   2087.0000      4.18780595E-02
   2088.0000      2.54750159E-02
   2089.0000      6.03361465E-02
   2090.0000      2.69749425E-02
   2091.0000      0.20703147    
   2092.0000      8.58137012E-02
   2093.0000      6.94724470E-02
   2094.0000      3.44892740E-02
   2095.0000      4.50569727E-02
   2096.0000      5.48605546E-02
   2097.0000      0.15959944    
   2098.0000      0.17286648    
   2099.0000      4.72100675E-02
   2100.0000      2.29482166E-02
   2101.0000      0.15145499    
   2102.0000      8.91005918E-02
   2103.0000      1.43596847E-02
   2104.0000      6.17346689E-02
   2105.0000      1.37666343E-02
   2106.0000      1.81620102E-03
   2107.0000      0.10384085    
   2108.0000      7.34362751E-03
   2109.0000      7.22832680E-02
   2110.0000      2.89261108E-03
   2111.0000      3.50059681E-02
   2112.0000      0.12506533    
   2113.0000      4.34925146E-02
   2114.0000      3.43288332E-02
   2115.0000      1.17311161E-02
   2116.0000      2.39244141E-02
   2117.0000      9.97896865E-03
   2118.0000      2.95346025E-02
   2119.0000      3.97731438E-02
   2120.0000      5.28253317E-02
   2121.0000      9.24628042E-03
   2122.0000      3.13014985E-04
   2123.0000      0.17593007    
   2124.0000      1.80617534E-02
   2125.0000      2.89671421E-02
   2126.0000      3.12564746E-02
   2127.0000      6.31908327E-03
   2128.0000      6.09880276E-02
   2129.0000      3.80347185E-02
   2130.0000      2.54890118E-02
   2131.0000      1.65822562E-02
   2132.0000      1.36587750E-02
   2133.0000      5.18110134E-02
   2134.0000      4.36164951E-03
   2135.0000      7.63977766E-02
   2136.0000      0.13695848    
   2137.0000      3.65408100E-02
   2138.0000      1.95579231E-03
   2139.0000      0.13817883    
   2140.0000      4.70191389E-02
   2141.0000      4.16972935E-02
   2142.0000      9.17106792E-02
   2143.0000      0.24426377    
   2144.0000      0.54507160    
   2145.0000      2.45903432E-02
   2146.0000      2.34368220E-02
   2147.0000      1.46380691E-02
   2148.0000      7.28901997E-02
   2149.0000      1.74141135E-02
   2150.0000      4.38712211E-03
   2151.0000      4.96158842E-04
   2152.0000      4.71237302E-03
   2153.0000      1.53783364E-02
   2154.0000      8.28821287E-02
   2155.0000      8.22435096E-02
   2156.0000      8.15077275E-02
   2157.0000      2.44594421E-02
   2158.0000      0.35637358    
   2159.0000      8.48871714E-04
   2160.0000      1.58636440E-02
   2161.0000      7.67952874E-02
   2162.0000      5.43387048E-02
   2163.0000      0.10455000    
   2164.0000      2.19470114E-02
   2165.0000      1.72662102E-02
   2166.0000      4.27573211E-02
   2167.0000      0.21396023    
   2168.0000      7.18332976E-02
   2169.0000      6.63743094E-02
   2170.0000      6.80498499E-03
   2171.0000      5.01935668E-02
   2172.0000      5.45984320E-03
   2173.0000      9.22704674E-03
   2174.0000      5.40954620E-02
   2175.0000      6.63860813E-02
   2176.0000      1.42399380E-02
   2177.0000      1.08725335E-02
   2178.0000      6.00492656E-02
   2179.0000      7.37798363E-02
   2180.0000      9.93494969E-03
   2181.0000      7.24676028E-02
   2182.0000      5.73748024E-03
   2183.0000      0.18090291    
   2184.0000      0.16314846    
   2185.0000      4.39860821E-02
   2186.0000      8.05388242E-02
   2187.0000      8.93452950E-03
   2188.0000      4.02965620E-02
   2189.0000      2.18676287E-03
   2190.0000      4.44893865E-03
   2191.0000      7.20641911E-02
   2192.0000      1.98096652E-02
   2193.0000      1.28146550E-02
   2194.0000      4.75574434E-02
   2195.0000      5.82109019E-02
   2196.0000      6.92455024E-02
   2197.0000      7.54480530E-03
   2198.0000      2.84805410E-02
   2199.0000      2.71749087E-02
   2200.0000      6.21367395E-02
   2201.0000      4.54816632E-02
   2202.0000      8.89988095E-02
   2203.0000      6.17906377E-02
   2204.0000      3.39393527E-03
   2205.0000      4.32053022E-02
   2206.0000      4.04132297E-03
   2207.0000      0.15958865    
   2208.0000      2.12227609E-02
   2209.0000      1.92790534E-02
   2210.0000      1.17477896E-02
   2211.0000      2.23969799E-02
   2212.0000      1.53306779E-02
   2213.0000      1.70410629E-02
   2214.0000      1.05287796E-02
   2215.0000      3.21411267E-02
   2216.0000      6.16828278E-02
   2217.0000      8.31723213E-02
   2218.0000      5.96390851E-02
   2219.0000      0.14847438    
   2220.0000      7.57009089E-02
   2221.0000      6.54089525E-02
   2222.0000      0.20620160    
   2223.0000      2.27676428E-04
   2224.0000      5.14084101E-02
   2225.0000      3.68154272E-02
   2226.0000      3.48119847E-02
   2227.0000      4.53131869E-02
   2228.0000      0.10802335    
   2229.0000      0.12287359    
   2230.0000      0.15388322    
   2231.0000      0.10691000    
   2232.0000      0.23969084    
   2233.0000      9.10586119E-03
   2234.0000      5.68387620E-02
   2235.0000      1.24132019E-02
   2236.0000      1.21109968E-03
   2237.0000      8.68020055E-04
   2238.0000      4.27451218E-03
   2239.0000      8.47956538E-03
   2240.0000      1.70984566E-02
   2241.0000      4.26485911E-02
   2242.0000      5.01699280E-03
   2243.0000      3.90840787E-03
   2244.0000      4.77154087E-03
   2245.0000      3.67914177E-02
   2246.0000      6.13096580E-02
   2247.0000      2.63479576E-02
   2248.0000      1.87818632E-02
   2249.0000      6.92572370E-02
   2250.0000      5.00093922E-02
   2251.0000      2.54744980E-02
   2252.0000      6.21859031E-03
   2253.0000      0.17988655    
   2254.0000      8.25140476E-02
   2255.0000      8.27351958E-02
   2256.0000      0.14772177    
   2257.0000      0.30292323    
   2258.0000      0.11835140    
   2259.0000      0.15791637    
   2260.0000      6.58454448E-02
   2261.0000      0.15596083    
   2262.0000      3.02173174E-03
   2263.0000      0.15113403    
   2264.0000      5.97897321E-02
   2265.0000      2.55759265E-02
   2266.0000      0.16909814    
   2267.0000      1.14403497E-02
   2268.0000      2.74422038E-02
   2269.0000      3.30493860E-02
   2270.0000      8.41316208E-02
   2271.0000      2.92134974E-02
   2272.0000      7.00074434E-02
   2273.0000      4.06016633E-02
   2274.0000      4.35013175E-02
   2275.0000      1.12310043E-02
   2276.0000      6.19157553E-02
   2277.0000      2.33578552E-02
   2278.0000      3.56319770E-02
   2279.0000      0.13150269    
   2280.0000      2.56636995E-03
   2281.0000      5.94318397E-02
   2282.0000      6.50636032E-02
   2283.0000      7.11853728E-02
   2284.0000      0.10739797    
   2285.0000      3.76236551E-02
   2286.0000      2.16850173E-02
   2287.0000      5.83552383E-02
   2288.0000      1.60260666E-02
   2289.0000      0.13872716    
   2290.0000      0.15705825    
   2291.0000      9.95644107E-02
   2292.0000      2.45669931E-02
   2293.0000      1.33384392E-02
   2294.0000      1.16607063E-02
   2295.0000      0.11528639    
   2296.0000      7.35403448E-02
   2297.0000      0.25241661    
   2298.0000      0.10528516    
   2299.0000      7.12282583E-02
   2300.0000      5.49693294E-02
   2301.0000      1.02533950E-02
   2302.0000      2.27398574E-02
   2303.0000      7.55053312E-02
   2304.0000      9.82280672E-02
   2305.0000      0.11639271    
   2306.0000      1.12885265E-02
   2307.0000      9.23228115E-02
   2308.0000      8.84787366E-02
   2309.0000      8.19057152E-02
   2310.0000      0.12069138    
   2311.0000      8.48642290E-02
   2312.0000      5.46562895E-02
   2313.0000      1.21433046E-02
   2314.0000      8.96133557E-02
   2315.0000      2.49296743E-02
   2316.0000      6.67865798E-02
   2317.0000      6.73145875E-02
   2318.0000      0.10161159    
   2319.0000      0.17176197    
   2320.0000      0.11006989    
   2321.0000      0.13610786    
   2322.0000      0.16448301    
   2323.0000      1.65423658E-02
   2324.0000      5.05432822E-02
   2325.0000      1.06312614E-02
   2326.0000      2.46752985E-03
   2327.0000      5.68565307E-03
   2328.0000      1.20521737E-02
   2329.0000      3.85687351E-02
   2330.0000      0.20832391    
   2331.0000      0.10818782    
   2332.0000      2.71252114E-02
   2333.0000      0.11016183    
   2334.0000      1.31827062E-02
   2335.0000      2.73051932E-02
   2336.0000      6.86638430E-03
   2337.0000      8.29889700E-02
   2338.0000      6.84645995E-02
   2339.0000      2.82889176E-02
   2340.0000      6.59896582E-02
   2341.0000      4.43678275E-02
   2342.0000      1.66291632E-02
   2343.0000      4.35314476E-02
   2344.0000      0.13019723    
   2345.0000      3.42906965E-03
   2346.0000      1.27722844E-02
   2347.0000      1.62991751E-02
   2348.0000      1.01660555E-02
   2349.0000      9.84539092E-02
   2350.0000      0.15611899    
   2351.0000      2.81711817E-02
   2352.0000      9.23475027E-02
   2353.0000      3.83276455E-02
   2354.0000      3.06182913E-03
   2355.0000      8.53109546E-03
   2356.0000      7.19174221E-02
   2357.0000      4.12314059E-03
   2358.0000      6.72864765E-02
   2359.0000      1.81366336E-02
   2360.0000      2.46716458E-02
   2361.0000      6.31344318E-02
   2362.0000      4.17326950E-02
   2363.0000      0.10083068    
   2364.0000      1.30728697E-02
   2365.0000      5.03105409E-02
   2366.0000      2.34042406E-02
   2367.0000      2.37064324E-02
   2368.0000      4.30268794E-02
   2369.0000      4.68428954E-02
   2370.0000      4.08861488E-02
   2371.0000      5.86748589E-03
   2372.0000      2.87959483E-02
   2373.0000      1.49707077E-02
   2374.0000      2.16055242E-03
   2375.0000      1.91739872E-02
   2376.0000      3.14423479E-02
   2377.0000      3.29759531E-02
   2378.0000      7.85170943E-02
   2379.0000      0.10407460    
   2380.0000      1.98275000E-02
   2381.0000      9.10201296E-02
   2382.0000      0.11411924    
   2383.0000      5.16301487E-03
   2384.0000      6.98336288E-02
   2385.0000      5.79801388E-02
   2386.0000      2.91448738E-02
   2387.0000      5.71189374E-02
   2388.0000      0.19868636    
   2389.0000      2.74364445E-02
   2390.0000      6.15280010E-02
   2391.0000      9.07240808E-02
   2392.0000      3.79048251E-02
   2393.0000      0.19000886    
   2394.0000      0.13109696    
   2395.0000      9.89384502E-02
   2396.0000      6.72319010E-02
   2397.0000      0.12070362    
   2398.0000      0.30755720    
   2399.0000      0.10078315    
   2400.0000      0.11598372    
   2401.0000      6.88326657E-02
   2402.0000      0.15534747    
   2403.0000      0.11441637    
   2404.0000      3.75962183E-02
   2405.0000      2.89437990E-03
   2406.0000      4.10044268E-02
   2407.0000      5.12824440E-03
   2408.0000      0.10239767    
   2409.0000      6.52197748E-02
   2410.0000      2.54285336E-02
   2411.0000      6.70143170E-03
   2412.0000      6.91447631E-02
   2413.0000      8.60056430E-02
   2414.0000      1.68898534E-02
   2415.0000      2.86283400E-02
   2416.0000      9.49674658E-03
   2417.0000      4.47513862E-03
   2418.0000      8.30044970E-03
   2419.0000      2.45111878E-03
   2420.0000      2.68301237E-02
   2421.0000      1.43466294E-02
   2422.0000      7.94269741E-02
   2423.0000      6.69963891E-03
   2424.0000      2.65513286E-02
   2425.0000      0.12878264    
   2426.0000      1.13565624E-02
   2427.0000      9.33140367E-02
   2428.0000      7.91853443E-02
   2429.0000      8.12643394E-02
   2430.0000      0.12064414    
   2431.0000      6.97732195E-02
   2432.0000      0.11277167    
   2433.0000      1.95988003E-04
   2434.0000      2.86025158E-03
   2435.0000      1.78657379E-02
   2436.0000      7.83279687E-02
   2437.0000      4.18978930E-03
   2438.0000      6.36614393E-03
   2439.0000      3.72325419E-03
   2440.0000      4.27884869E-02
   2441.0000      6.60924986E-02
   2442.0000      2.44418420E-02
   2443.0000      5.68561926E-02
   2444.0000      0.21839857    
   2445.0000      0.11430501    
   2446.0000      2.06944365E-02
   2447.0000      3.00038792E-02
   2448.0000      7.01823039E-03
   2449.0000      5.23610935E-02
   2450.0000      1.46210026E-02
   2451.0000      6.21733703E-02
   2452.0000      2.48098243E-02
   2453.0000      4.69705723E-02
   2454.0000      1.86909991E-03
   2455.0000      2.23248154E-02
   2456.0000      2.83988025E-02
   2457.0000      3.56823392E-02
   2458.0000      4.51530702E-02
   2459.0000      1.88107789E-02
   2460.0000      9.07215998E-02
   2461.0000      0.17572784    
   2462.0000      1.37809683E-02
   2463.0000      9.01454985E-02
   2464.0000      9.15407315E-02
   2465.0000      1.73872542E-02
   2466.0000      5.31982593E-02
   2467.0000      3.19504701E-02
   2468.0000      6.85711112E-03
   2469.0000      5.33997156E-02
   2470.0000      0.13206904    
   2471.0000      3.02862935E-02
   2472.0000      1.27003882E-02
   2473.0000      5.39486408E-02
   2474.0000      5.75588411E-03
   2475.0000      4.46018651E-02
   2476.0000      5.13539985E-02
   2477.0000      2.47419048E-02
   2478.0000      0.10618944    
   2479.0000      6.38941303E-02
   2480.0000      0.15130349    
   2481.0000      8.35129172E-02
   2482.0000      7.13769048E-02
   2483.0000      0.17387754    
   2484.0000      3.17172962E-03
   2485.0000      7.12095350E-02
   2486.0000      0.22477451    
   2487.0000      3.68922129E-02
   2488.0000      0.16306128    
   2489.0000      0.17840327    
   2490.0000      0.16688675    
   2491.0000      0.11482818    
   2492.0000      7.78619526E-03
   2493.0000      0.12145764    
   2494.0000      3.40655595E-02
   2495.0000      0.20055857    
   2496.0000      3.51526923E-02
   2497.0000      8.52876231E-02
   2498.0000      0.17988463    
   2499.0000      2.40456425E-02
   2500.0000      3.11855972E-02
   2501.0000      1.61810149E-03
   2502.0000      7.08866417E-02
   2503.0000      1.16071049E-02
   2504.0000      5.97607903E-02
   2505.0000      0.23327734    
   2506.0000      0.11586063    
   2507.0000      3.40874307E-02
   2508.0000      1.07662950E-03
   2509.0000      0.10623613    
   2510.0000      3.43409106E-02
   2511.0000      3.32206162E-03
   2512.0000      4.08218615E-03
   2513.0000      3.20202596E-02
   2514.0000      4.01355103E-02
   2515.0000      8.48561749E-02
   2516.0000      2.09844932E-02
   2517.0000      0.15844019    
   2518.0000      8.67266208E-03
   2519.0000      0.21387786    
   2520.0000      2.56242231E-02
   2521.0000      4.21243571E-02
   2522.0000      8.01590085E-02
   2523.0000      6.22688495E-02
   2524.0000      0.10457561    
   2525.0000      2.76316591E-02
   2526.0000      1.07121691E-02
   2527.0000      3.31707671E-02
   2528.0000      4.58555669E-02
   2529.0000      1.55062359E-02
   2530.0000      4.15083505E-02
   2531.0000      2.10649688E-02
   2532.0000      6.66257143E-02
   2533.0000      2.16506757E-02
   2534.0000      9.70632806E-02
   2535.0000      5.74239939E-02
   2536.0000      1.47275142E-02
   2537.0000      1.42009119E-02
   2538.0000      4.51039039E-02
   2539.0000      1.49470279E-02
   2540.0000      3.38314138E-02
   2541.0000      3.27157341E-02
   2542.0000      9.60623845E-02
   2543.0000      9.02764201E-02
   2544.0000      0.10678640    
   2545.0000      1.15272636E-02
   2546.0000      7.06181899E-02
   2547.0000      6.05748221E-02
   2548.0000      7.14187697E-02
   2549.0000      0.11420726    
   2550.0000      9.08793509E-02
   2551.0000      2.65348982E-02
   2552.0000      7.50280172E-02
   2553.0000      7.95300293E-04
   2554.0000      2.21286807E-02
   2555.0000      2.77160760E-02
   2556.0000      5.22490703E-02
   2557.0000      1.00048054E-02
   2558.0000      3.84638272E-02
   2559.0000      2.54380200E-02
   2560.0000      6.44215494E-02
   2561.0000      6.97359908E-03
   2562.0000      5.95889706E-03
   2563.0000      8.18177015E-02
   2564.0000      0.24173810    
   2565.0000      8.13723058E-02
   2566.0000      0.12380342    
   2567.0000      5.15979677E-02
   2568.0000      7.68665075E-02
   2569.0000      1.73919071E-02
   2570.0000      4.58824709E-02
   2571.0000      8.39257017E-02
   2572.0000      1.69892228E-04
   2573.0000      0.12327776    
   2574.0000      4.32281867E-02
   2575.0000      0.12983024    
   2576.0000      4.41375561E-02
   2577.0000      4.56284732E-02
   2578.0000      0.29396203    
   2579.0000      1.73086878E-02
   2580.0000      5.19127361E-02
   2581.0000      7.91994389E-03
   2582.0000      2.44944054E-03
   2583.0000      4.97317016E-02
   2584.0000      3.89635004E-02
   2585.0000      4.81431708E-02
   2586.0000      1.49050169E-03
   2587.0000      4.96309996E-02
   2588.0000      2.04883479E-02
   2589.0000      7.73069798E-04
   2590.0000      7.03294668E-03
   2591.0000      2.28542183E-02
   2592.0000      3.38387154E-02
   2593.0000      5.83800785E-02
   2594.0000      4.78230119E-02
   2595.0000      8.83392021E-02
   2596.0000      1.76468696E-02
   2597.0000      0.20878509    
   2598.0000      7.22097885E-03
   2599.0000      2.70818844E-02
   2600.0000      3.67660448E-02
   2601.0000      6.72609061E-02
   2602.0000      5.13928421E-02
   2603.0000      9.93415490E-02
   2604.0000      0.14623635    
   2605.0000      6.24959692E-02
   2606.0000      0.12893994    
   2607.0000      8.94242823E-02
   2608.0000      7.88729191E-02
   2609.0000      7.12080598E-02
   2610.0000      0.15165232    
   2611.0000      3.61762121E-02
   2612.0000      7.88417459E-03
   2613.0000      7.63435364E-02
   2614.0000      1.51278144E-02
   2615.0000      3.14474627E-02
   2616.0000      0.17227945    
   2617.0000      2.46684365E-02
   2618.0000      1.53278084E-02
   2619.0000      9.99798551E-02
   2620.0000      6.53611869E-02
   2621.0000      3.84518132E-02
   2622.0000      7.79569242E-03
   2623.0000      1.09894073E-03
   2624.0000      1.30846845E-02
   2625.0000      2.00953744E-02
   2626.0000      9.20962449E-03
   2627.0000      4.10067514E-02
   2628.0000      7.72725567E-02
   2629.0000      8.09858516E-02
   2630.0000      4.52032965E-03
   2631.0000      8.65947548E-03
   2632.0000      7.37044513E-02
   2633.0000      7.53421336E-03
   2634.0000      5.15688285E-02
   2635.0000      4.45888750E-02
   2636.0000      8.08154233E-03
   2637.0000      4.35964530E-03
   2638.0000      0.12193880    
   2639.0000      1.56304110E-02
   2640.0000      4.35520848E-03
   2641.0000      5.03935739E-02
   2642.0000      7.20487088E-02
   2643.0000      4.11895104E-02
   2644.0000      0.12522282    
   2645.0000      4.03340124E-02
   2646.0000      7.34675378E-02
   2647.0000      1.10978745E-02
   2648.0000      8.51871595E-02
   2649.0000      5.37510216E-03
   2650.0000      5.97275570E-02
   2651.0000      1.02253794E-03
   2652.0000      5.19890003E-02
   2653.0000      0.13916922    
   2654.0000      7.10734129E-02
   2655.0000      0.10993932    
   2656.0000      8.46346095E-02
   2657.0000      0.19137390    
   2658.0000      6.83428496E-02
   2659.0000      3.25982608E-02
   2660.0000      1.57443937E-02
   2661.0000      5.66365756E-02
   2662.0000      4.79983445E-03
   2663.0000      0.23332359    
   2664.0000      9.89602134E-02
   2665.0000      5.85601516E-02
   2666.0000      0.13130419    
   2667.0000      0.23537779    
   2668.0000      0.14132786    
   2669.0000      6.65900856E-02
   2670.0000      9.70355198E-02
   2671.0000      3.12849646E-03
   2672.0000      8.33436474E-03
   2673.0000      8.08012933E-02
   2674.0000      5.01730815E-02
   2675.0000      6.92964494E-02
   2676.0000      2.32939906E-02
   2677.0000      7.61511177E-02
   2678.0000      0.19923364    
   2679.0000      2.27190391E-03
   2680.0000      3.21677290E-02
   2681.0000      1.06454222E-02
   2682.0000      7.86099990E-04
   2683.0000      3.82422144E-03
   2684.0000      5.20510972E-02
   2685.0000      6.60414174E-02
   2686.0000      0.12767096    
   2687.0000      3.45812775E-02
   2688.0000      7.34276511E-03
   2689.0000      0.21260257    
   2690.0000      2.16444526E-02
   2691.0000      1.05097573E-02
   2692.0000      7.77065083E-02
   2693.0000      7.63875768E-02
   2694.0000      9.34965834E-02
   2695.0000      0.10132272    
   2696.0000      3.64280604E-02
   2697.0000      9.34888572E-02
   2698.0000      8.82537290E-03
   2699.0000      7.09007978E-02
   2700.0000      8.94345902E-03
   2701.0000      8.41150358E-02
   2702.0000      0.16951822    
   2703.0000      2.07905024E-02
   2704.0000      7.19720079E-03
   2705.0000      0.10550635    
   2706.0000      6.56258836E-02
   2707.0000      1.51671097E-02
   2708.0000      3.42921019E-02
   2709.0000      0.19252010    
   2710.0000      0.31786573    
   2711.0000      4.44068797E-02
   2712.0000      5.47331236E-02
   2713.0000      7.01448275E-03
   2714.0000      6.26402050E-02
   2715.0000      5.99678904E-02
   2716.0000      4.36929660E-03
   2717.0000      2.89305492E-04
   2718.0000      8.58758576E-03
   2719.0000      1.60524417E-02
   2720.0000      0.12639472    
   2721.0000      8.73421282E-02
   2722.0000      6.90222010E-02
   2723.0000      6.30365219E-03
   2724.0000      0.23381476    
   2725.0000      1.08049745E-02
   2726.0000      1.15297660E-02
   2727.0000      2.62761377E-02
   2728.0000      4.61771376E-02
   2729.0000      5.35080619E-02
   2730.0000      4.64777537E-02
   2731.0000      4.34805863E-02
   2732.0000      2.41781734E-02
   2733.0000      0.11235208    
   2734.0000      8.79844204E-02
   2735.0000      4.22970764E-02
   2736.0000      3.96367870E-02
   2737.0000      2.92421654E-02
   2738.0000      2.27233618E-02
   2739.0000      1.91468988E-02
   2740.0000      1.30587742E-02
   2741.0000      2.57687774E-02
   2742.0000      6.36987090E-02
   2743.0000      1.90627314E-02
   2744.0000      1.94328725E-02
   2745.0000      0.10113749    
   2746.0000      2.53216010E-02
   2747.0000      9.04335901E-02
   2748.0000      4.19317372E-03
   2749.0000      0.21976280    
   2750.0000      0.18839614    
   2751.0000      5.74057177E-02
   2752.0000      7.78813809E-02
   2753.0000      2.68501528E-02
   2754.0000      3.43953930E-02
   2755.0000      5.94103057E-03
   2756.0000      9.19202529E-03
   2757.0000      0.17283404    
   2758.0000      1.77837647E-02
   2759.0000      3.69478576E-02
   2760.0000      2.40305569E-02
   2761.0000      0.12480174    
   2762.0000      5.79090603E-02
   2763.0000      4.74980883E-02
   2764.0000      9.97544453E-02
   2765.0000      6.23719357E-02
   2766.0000      6.94705769E-02
   2767.0000      3.25434767E-02
   2768.0000      4.55322303E-02
   2769.0000      1.81732718E-02
   2770.0000      1.05718942E-02
   2771.0000      3.46322507E-02
   2772.0000      3.65963881E-03
   2773.0000      0.15888950    
   2774.0000      2.68122125E-02
   2775.0000      1.68882925E-02
   2776.0000      7.43875979E-03
   2777.0000      1.14065735E-02
   2778.0000      2.07247939E-02
   2779.0000      9.49031487E-03
   2780.0000      2.48135324E-03
   2781.0000      4.11279388E-02
   2782.0000      3.42559181E-02
   2783.0000      4.68065739E-02
   2784.0000      3.98104712E-02
   2785.0000      1.69457346E-02
   2786.0000      0.11129795    
   2787.0000      2.52715033E-02
   2788.0000      9.45944041E-02
   2789.0000      3.65849659E-02
   2790.0000      5.41650644E-03
   2791.0000      4.42048013E-02
   2792.0000      4.01850208E-04
   2793.0000      2.35693008E-02
   2794.0000      7.19669908E-02
   2795.0000      4.11482118E-02
   2796.0000      9.58511531E-02
   2797.0000      0.14093952    
   2798.0000      0.18726814    
   2799.0000      9.80834197E-03
   2800.0000      7.40400106E-02
   2801.0000      9.29738581E-02
   2802.0000      2.41768714E-02
   2803.0000      5.12717152E-03
   2804.0000      2.09231628E-03
   2805.0000      1.75617300E-02
   2806.0000      1.67091731E-02
   2807.0000      3.81503366E-02
   2808.0000      3.96179371E-02
   2809.0000      4.98738475E-02
   2810.0000      2.49785781E-02
   2811.0000      3.41260433E-02
   2812.0000      0.11639664    
   2813.0000      5.11493087E-02
   2814.0000      8.98157358E-02
   2815.0000      4.24793623E-02
   2816.0000      9.62104928E-03
   2817.0000      2.06356607E-02
   2818.0000      3.63172106E-02
   2819.0000      0.20998158    
   2820.0000      4.17857096E-02
   2821.0000      2.41173096E-02
   2822.0000      0.15905342    
