1056.5   638.09 131.0
1076     592.2  130.7
1095.5   240.5   57.3
1115    1403.6  238.6
1134.5  1502.1  250.7
1154    1651.1  263.9
1173.5  2108.1  275.1
1193    2981.3  317.6
1212.5  4208.6  318.5
1232    4687    296.3
1251.5  3901.1  307.2
1271    3173.7  296.9
1290.5  2129.1  299.0
1310    2135.4  285.2
1329.5  1222.9  219.0
1349    1373.6  231.6
1368.5   922.2  187.5
1388     690.9  145.2
1407.5   220.8   54.8
1427     461.3  101.0
1446.5   498.1  112.6
1466     376     89.4
